           0.30000          0.164037
           0.30500          0.192252
           0.31000          0.212372
           0.31500          0.226922
           0.32000          0.239379
           0.32500          0.249999
           0.33000          0.259538
           0.33500          0.267437
           0.34000          0.275263
           0.34500          0.282786
           0.35000          0.289767
           0.35500          0.297721
           0.36000          0.304797
           0.36500          0.315466
           0.37000          0.327825
           0.37500          0.340686
           0.38000          0.355373
           0.38500          0.367971
           0.39000          0.379849
           0.39500          0.386015
           0.40000          0.397224
           0.40500          0.401877
           0.41000          0.409954
           0.41500          0.417198
           0.42000          0.426019
           0.42500          0.434368
           0.43000          0.443315
           0.43500          0.450434
           0.44000          0.456249
           0.44500          0.463699
           0.45000          0.469009
           0.45500          0.474324
           0.46000          0.476597
           0.46500          0.482822
           0.47000          0.484723
           0.47500          0.488826
           0.48000          0.493383
           0.48500          0.494215
           0.49000          0.498597
           0.49500          0.500325
           0.50000          0.505449
           0.50500          0.509436
           0.51000          0.512713
           0.51500          0.513909
           0.52000          0.515804
           0.52500          0.522536
           0.53000          0.526263
           0.53500          0.526264
           0.54000          0.528755
           0.54500          0.534408
           0.55000          0.533274
           0.55500          0.536408
           0.56000          0.537700
           0.56500          0.539819
           0.57000          0.541046
           0.57500          0.542476
           0.58000          0.542753
           0.58500          0.544453
           0.59000          0.545124
           0.59500          0.547315
           0.60000          0.547621
           0.60500          0.547478
           0.61000          0.546425
           0.61500          0.547901
           0.62000          0.550798
           0.62500          0.550651
           0.63000          0.553927
           0.63500          0.553760
           0.64000          0.551926
           0.64500          0.552923
           0.65000          0.553616
           0.65500          0.559915
           0.66000          0.559005
           0.66500          0.558604
           0.67000          0.558347
           0.67500          0.561111
           0.68000          0.561592
           0.68500          0.560764
           0.69000          0.562900
           0.69500          0.565823
           0.70000          0.564894
           0.70500          0.565355
           0.71000          0.567266
           0.71500          0.567837
           0.72000          0.567043
           0.72500          0.570801
           0.73000          0.569072
           0.73500          0.571869
           0.74000          0.572875
           0.74500          0.574080
           0.75000          0.572593
           0.75500          0.573462
           0.76000          0.574571
           0.76500          0.576408
           0.77000          0.576372
           0.77500          0.575561
           0.78000          0.578039
           0.78500          0.576410
           0.79000          0.578505
           0.79500          0.577569
           0.80000          0.579767
           0.80500          0.578348
           0.81000          0.577603
           0.81500          0.577462
           0.82000          0.579168
           0.82500          0.577383
           0.83000          0.578180
           0.83500          0.579520
           0.84000          0.577085
           0.84500          0.577660
           0.85000          0.575886
           0.85500          0.577136
           0.86000          0.577449
           0.86500          0.575816
           0.87000          0.576135
           0.87500          0.575427
           0.88000          0.576922
           0.88500          0.578114
           0.89000          0.578566
           0.89500          0.577601
           0.90000          0.579929
           0.90500          0.579931
           0.91000          0.578614
           0.91500          0.579272
           0.92000          0.578891
           0.92500          0.579744
           0.93000          0.581479
           0.93500          0.585440
           0.94000          0.581521
           0.94500          0.582416
           0.95000          0.583868
           0.95500          0.583610
           0.96000          0.583013
           0.96500          0.583793
           0.97000          0.582969
           0.97500          0.582941
           0.98000          0.586716
           0.98500          0.587833
           0.99000          0.587931
           0.99500          0.584881
           1.00000          0.588486
           1.00500          0.590526
           1.01000          0.586940
           1.01500          0.588921
           1.02000          0.586593
           1.02500          0.589640
           1.03000          0.588392
           1.03500          0.591729
           1.04000          0.590762
           1.04500          0.592754
           1.05000          0.589284
           1.05500          0.590318
           1.06000          0.589661
           1.06500          0.592879
           1.07000          0.594016
           1.07500          0.594104
           1.08000          0.597995
           1.08500          0.593509
           1.09000          0.596896
           1.09500          0.597701
           1.10000          0.596476
           1.10500          0.597728
           1.11000          0.597505
           1.11500          0.597831
           1.12000          0.596329
           1.12500          0.596761
           1.13000          0.599411
           1.13500          0.600460
           1.14000          0.598373
           1.14500          0.599220
           1.15000          0.595522
           1.15500          0.600266
           1.16000          0.600718
           1.16500          0.604414
           1.17000          0.600536
           1.17500          0.601293
           1.18000          0.603124
           1.18500          0.602017
           1.19000          0.605189
           1.19500          0.605770
           1.20000          0.608280
           1.20500          0.611391
           1.21000          0.615105
           1.21500          0.615031
           1.22000          0.614500
           1.22500          0.613767
           1.23000          0.612329
           1.23500          0.615132
           1.24000          0.617374
           1.24500          0.616822
           1.25000          0.616489
           1.25500          0.616218
           1.26000          0.618154
           1.26500          0.619591
           1.27000          0.614506
           1.27500          0.618556
           1.28000          0.618281
           1.28500          0.617455
           1.29000          0.616467
           1.29500          0.617553
           1.30000          0.614949
           1.30500          0.615661
           1.31000          0.619560
           1.31500          0.615741
           1.32000          0.617188
           1.32500          0.614620
           1.33000          0.617390
           1.33500          0.616443
           1.34000          0.617682
           1.34500          0.618188
           1.35000          0.616094
           1.35500          0.619241
           1.36000          0.617665
           1.36500          0.611181
           1.37000          0.609748
           1.37500          0.608036
           1.38000          0.609566
           1.38500          0.591051
           1.39000          0.584321
           1.39500          0.573544
           1.40000          0.557999
           1.40500          0.538813
           1.41000          0.522254
           1.41500          0.520230
           1.42000          0.530242
           1.42500          0.552634
           1.43000          0.564183
           1.43500          0.574688
           1.44000          0.583783
           1.44500          0.587936
           1.45000          0.591639
           1.45500          0.589404
           1.46000          0.590047
           1.46500          0.592504
           1.47000          0.593104
           1.47500          0.600607
           1.48000          0.603927
           1.48500          0.606603
           1.49000          0.609072
           1.49500          0.611924
           1.50000          0.612836
           1.50500          0.614501
           1.51000          0.619059
           1.51500          0.617490
           1.52000          0.619415
           1.52500          0.622101
           1.53000          0.622177
           1.53500          0.622800
           1.54000          0.625275
           1.54500          0.627837
           1.55000          0.624445
           1.55500          0.625799
           1.56000          0.627204
           1.56500          0.626028
           1.57000          0.629585
           1.57500          0.632912
           1.58000          0.628606
           1.58500          0.632585
           1.59000          0.630323
           1.59500          0.632698
           1.60000          0.635432
           1.60500          0.634093
           1.61000          0.636322
           1.61500          0.635818
           1.62000          0.635672
           1.62500          0.633742
           1.63000          0.634629
           1.63500          0.634627
           1.64000          0.637228
           1.64500          0.634926
           1.65000          0.636764
           1.65500          0.636827
           1.66000          0.637849
           1.66500          0.639015
           1.67000          0.640343
           1.67500          0.639864
           1.68000          0.641076
           1.68500          0.640693
           1.69000          0.639796
           1.69500          0.640877
           1.70000          0.640597
           1.70500          0.640401
           1.71000          0.640299
           1.71500          0.642327
           1.72000          0.638613
           1.72500          0.640701
           1.73000          0.639948
           1.73500          0.637877
           1.74000          0.637341
           1.74500          0.635597
           1.75000          0.635009
           1.75500          0.635411
           1.76000          0.635737
           1.76500          0.633699
           1.77000          0.633440
           1.77500          0.632608
           1.78000          0.632410
           1.78500          0.631841
           1.79000          0.632175
           1.79500          0.630638
           1.80000          0.630843
           1.80500          0.630676
           1.81000          0.629311
           1.81500          0.628700
           1.82000          0.630490
           1.82500          0.628274
           1.83000          0.629137
           1.83500          0.628495
           1.84000          0.624934
           1.84500          0.623334
           1.85000          0.621317
           1.85500          0.622258
           1.86000          0.617628
           1.86500          0.612075
           1.87000          0.609410
           1.87500          0.590251
           1.88000          0.569729
           1.88500          0.543814
           1.89000          0.501998
           1.89500          0.447360
           1.90000          0.402161
           1.90500          0.375850
           1.91000          0.385345
           1.91500          0.411924
           1.92000          0.441883
           1.92500          0.468095
           1.93000          0.484104
           1.93500          0.497389
           1.94000          0.502840
           1.94500          0.509073
           1.95000          0.511052
           1.95500          0.514087
           1.96000          0.516788
           1.96500          0.521250
           1.97000          0.524167
           1.97500          0.529759
           1.98000          0.534399
           1.98500          0.540538
           1.99000          0.546692
           1.99500          0.552729
           2.00000          0.558297
           2.00500          0.563549
           2.01000          0.569472
           2.01500          0.573608
           2.02000          0.579676
           2.02500          0.582363
           2.03000          0.586263
           2.03500          0.588707
           2.04000          0.590083
           2.04500          0.592366
           2.05000          0.594198
           2.05500          0.594328
           2.06000          0.595928
           2.06500          0.597202
           2.07000          0.598707
           2.07500          0.598454
           2.08000          0.597411
           2.08500          0.597466
           2.09000          0.597537
           2.09500          0.596480
           2.10000          0.597680
           2.10500          0.598305
           2.11000          0.597208
           2.11500          0.598905
           2.12000          0.600265
           2.12500          0.600596
           2.13000          0.599916
           2.13500          0.600166
           2.14000          0.600032
           2.14500          0.599579
           2.15000          0.598016
           2.15500          0.595672
           2.16000          0.593832
           2.16500          0.588039
           2.17000          0.582170
           2.17500          0.572381
           2.18000          0.563322
           2.18500          0.553364
           2.19000          0.540811
           2.19500          0.527226
           2.20000          0.510700
           2.20500          0.498096
           2.21000          0.498463
           2.21500          0.508411
           2.22000          0.524117
           2.22500          0.537468
           2.23000          0.542354
           2.23500          0.545949
           2.24000          0.552269
           2.24500          0.557572
           2.25000          0.565248
           2.25500          0.570896
           2.26000          0.575008
           2.26500          0.576613
           2.27000          0.576750
           2.27500          0.577458
           2.28000          0.573930
           2.28500          0.572399
           2.29000          0.569397
           2.29500          0.565335
           2.30000          0.562003
           2.30500          0.560367
           2.31000          0.556667
           2.31500          0.553875
           2.32000          0.548417
           2.32500          0.546754
           2.33000          0.542689
           2.33500          0.538528
           2.34000          0.534131
           2.34500          0.528313
           2.35000          0.523848
           2.35500          0.518052
           2.36000          0.512800
           2.36500          0.508358
           2.37000          0.505500
           2.37500          0.502394
           2.38000          0.497554
           2.38500          0.493314
           2.39000          0.488289
           2.39500          0.484274
           2.40000          0.479803
           2.40500          0.475553
           2.41000          0.470016
           2.41500          0.465451
           2.42000          0.460347
           2.42500          0.455070
           2.43000          0.450491
           2.43500          0.445084
           2.44000          0.439532
           2.44500          0.435113
           2.45000          0.430211
           2.45500          0.425894
           2.46000          0.424059
           2.46500          0.419925
           2.47000          0.417792
           2.47500          0.414458
           2.48000          0.412505
           2.48500          0.410471
           2.49000          0.408368
           2.49500          0.406191
           2.50000          0.401760
           2.50500          0.398116
           2.51000          0.394854
           2.51500          0.391831
           2.52000          0.389026
           2.52500          0.386164
           2.53000          0.384782
           2.53500          0.382570
           2.54000          0.379577
           2.54500          0.380256
           2.55000          0.378603
           2.55250          0.378194
           2.55376          0.378497
           2.55502          0.378886
           2.55628          0.378704
           2.55754          0.378530
           2.55880          0.378237
           2.56007          0.378006
           2.56133          0.377643
           2.56260          0.378193
           2.56386          0.378421
           2.56513          0.378141
           2.56640          0.377962
           2.56767          0.377852
           2.56895          0.377458
           2.57022          0.377101
           2.57150          0.377195
           2.57277          0.377195
           2.57405          0.376737
           2.57533          0.376993
           2.57661          0.376699
           2.57789          0.376646
           2.57917          0.376949
           2.58046          0.376398
           2.58174          0.375633
           2.58303          0.375001
           2.58431          0.374371
           2.58560          0.375084
           2.58689          0.375403
           2.58819          0.374815
           2.58948          0.374591
           2.59077          0.374827
           2.59207          0.375040
           2.59336          0.374194
           2.59466          0.372317
           2.59596          0.371974
           2.59726          0.373649
           2.59856          0.373633
           2.59987          0.372322
           2.60117          0.371626
           2.60248          0.371074
           2.60378          0.370379
           2.60509          0.369129
           2.60640          0.368779
           2.60771          0.369058
           2.60903          0.368674
           2.61034          0.367867
           2.61166          0.367715
           2.61297          0.367128
           2.61429          0.366529
           2.61561          0.365889
           2.61693          0.365038
           2.61825          0.364644
           2.61957          0.364534
           2.62090          0.363261
           2.62222          0.363330
           2.62355          0.363527
           2.62488          0.362509
           2.62621          0.361487
           2.62754          0.360475
           2.62887          0.360076
           2.63021          0.359369
           2.63154          0.358483
           2.63288          0.358712
           2.63421          0.357452
           2.63555          0.356634
           2.63689          0.356276
           2.63824          0.355482
           2.63958          0.354914
           2.64092          0.353990
           2.64227          0.353049
           2.64362          0.352811
           2.64497          0.351763
           2.64632          0.350766
           2.64767          0.350376
           2.64902          0.349934
           2.65038          0.348921
           2.65173          0.347713
           2.65309          0.346309
           2.65445          0.345420
           2.65581          0.344238
           2.65717          0.342909
           2.65853          0.342109
           2.65989          0.341137
           2.66126          0.339816
           2.66263          0.338380
           2.66400          0.336825
           2.66536          0.334867
           2.66674          0.332929
           2.66811          0.331311
           2.66948          0.328945
           2.67086          0.325418
           2.67223          0.323018
           2.67361          0.320427
           2.67499          0.316164
           2.67637          0.311691
           2.67776          0.306810
           2.67914          0.301840
           2.68052          0.296034
           2.68191          0.289718
           2.68330          0.281896
           2.68469          0.272592
           2.68608          0.261105
           2.68747          0.248547
           2.68887          0.235117
           2.69026          0.221152
           2.69166          0.206821
           2.69306          0.193795
           2.69446          0.181867
           2.69586          0.170449
           2.69726          0.160337
           2.69866          0.151588
           2.70007          0.143781
           2.70148          0.137224
           2.70289          0.131478
           2.70430          0.126850
           2.70571          0.123030
           2.70712          0.119490
           2.70853          0.116104
           2.70995          0.113160
           2.71137          0.110225
           2.71279          0.107853
           2.71421          0.105167
           2.71563          0.101996
           2.71705          0.098141
           2.71848          0.093871
           2.71990          0.089483
           2.72133          0.084968
           2.72276          0.079377
           2.72419          0.074018
           2.72562          0.069229
           2.72706          0.064887
           2.72849          0.060805
           2.72993          0.057186
           2.73137          0.053544
           2.73281          0.050365
           2.73425          0.047955
           2.73569          0.045589
           2.73714          0.043356
           2.73858          0.041781
           2.74003          0.040287
           2.74148          0.038768
           2.74293          0.037142
           2.74438          0.036093
           2.74583          0.035316
           2.74729          0.034653
           2.74875          0.034098
           2.75020          0.033355
           2.75166          0.032937
           2.75313          0.033046
           2.75459          0.033154
           2.75605          0.033403
           2.75752          0.033997
           2.75899          0.034167
           2.76046          0.034754
           2.76193          0.035728
           2.76340          0.036631
           2.76487          0.037686
           2.76635          0.039219
           2.76782          0.040829
           2.76930          0.042334
           2.77078          0.043872
           2.77226          0.045416
           2.77375          0.047126
           2.77523          0.049225
           2.77672          0.051187
           2.77821          0.053277
           2.77970          0.055809
           2.78119          0.057986
           2.78268          0.060297
           2.78418          0.063049
           2.78567          0.065944
           2.78717          0.068636
           2.78867          0.071640
           2.79017          0.075311
           2.79167          0.078701
           2.79318          0.082243
           2.79468          0.086085
           2.79619          0.090006
           2.79770          0.093933
           2.79921          0.098039
           2.80072          0.102060
           2.80224          0.105875
           2.80375          0.109949
           2.80527          0.114274
           2.80679          0.118437
           2.80831          0.122314
           2.80983          0.126400
           2.81135          0.130549
           2.81288          0.134451
           2.81441          0.138399
           2.81593          0.141912
           2.81746          0.145379
           2.81900          0.148873
           2.82053          0.152272
           2.82207          0.155366
           2.82360          0.158285
           2.82514          0.160755
           2.82668          0.163037
           2.82822          0.165132
           2.82977          0.167271
           2.83131          0.169103
           2.83286          0.170975
           2.83441          0.173034
           2.83596          0.174927
           2.83751          0.176568
           2.83907          0.178102
           2.84062          0.179553
           2.84218          0.181273
           2.84374          0.182800
           2.84530          0.183730
           2.84686          0.184454
           2.84843          0.185407
           2.84999          0.186395
           2.85156          0.187303
           2.85313          0.188071
           2.85470          0.188915
           2.85627          0.189851
           2.85785          0.190388
           2.85942          0.190847
           2.86100          0.191519
           2.86258          0.192143
           2.86416          0.192723
           2.86575          0.193454
           2.86733          0.194266
           2.86892          0.194865
           2.87051          0.195258
           2.87210          0.195577
           2.87369          0.196059
           2.87528          0.196668
           2.87688          0.197170
           2.87848          0.197616
           2.88007          0.198150
           2.88168          0.198805
           2.88328          0.199317
           2.88488          0.199754
           2.88649          0.200294
           2.88810          0.200869
           2.88971          0.201725
           2.89132          0.202478
           2.89293          0.202950
           2.89455          0.203224
           2.89616          0.203672
           2.89778          0.204233
           2.89940          0.204927
           2.90103          0.205481
           2.90265          0.206186
           2.90428          0.206908
           2.90591          0.207561
           2.90754          0.207946
           2.90917          0.208352
           2.91080          0.208916
           2.91244          0.209449
           2.91407          0.209823
           2.91571          0.210303
           2.91735          0.210822
           2.91899          0.211316
           2.92064          0.212055
           2.92229          0.212683
           2.92393          0.212908
           2.92558          0.213244
           2.92724          0.213847
           2.92889          0.214410
           2.93055          0.214916
           2.93220          0.215216
           2.93386          0.215513
           2.93552          0.216140
           2.93719          0.216737
           2.93885          0.217097
           2.94052          0.217525
           2.94219          0.217956
           2.94386          0.218589
           2.94553          0.219300
           2.94721          0.219664
           2.94888          0.220100
           2.95056          0.220859
           2.95224          0.221482
           2.95392          0.222005
           2.95561          0.222680
           2.95729          0.223238
           2.95898          0.223505
           2.96067          0.224068
           2.96236          0.224943
           2.96406          0.225720
           2.96575          0.226364
           2.96745          0.226929
           2.96915          0.227425
           2.97085          0.227880
           2.97255          0.228559
           2.97426          0.229050
           2.97597          0.229419
           2.97768          0.230154
           2.97939          0.230982
           2.98110          0.231411
           2.98282          0.231806
           2.98453          0.232313
           2.98625          0.232967
           2.98797          0.233463
           2.98970          0.233845
           2.99142          0.234377
           2.99315          0.235038
           2.99488          0.235525
           2.99661          0.235942
           2.99834          0.236381
           3.00008          0.236962
           3.00182          0.237578
           3.00355          0.238236
           3.00530          0.238670
           3.00704          0.239175
           3.00878          0.239575
           3.01053          0.240058
           3.01228          0.240608
           3.01403          0.241055
           3.01579          0.241732
           3.01754          0.242389
           3.01930          0.242688
           3.02106          0.242937
           3.02282          0.243436
           3.02458          0.243800
           3.02635          0.244486
           3.02812          0.245113
           3.02989          0.245527
           3.03166          0.246261
           3.03343          0.246644
           3.03521          0.246939
           3.03699          0.247598
           3.03877          0.248134
           3.04055          0.248505
           3.04233          0.248999
           3.04412          0.249507
           3.04591          0.250064
           3.04770          0.250533
           3.04949          0.251326
           3.05129          0.252038
           3.05308          0.252242
           3.05488          0.252441
           3.05668          0.253038
           3.05849          0.253847
           3.06029          0.254399
           3.06210          0.254589
           3.06391          0.255036
           3.06572          0.255891
           3.06754          0.256385
           3.06935          0.256812
           3.07117          0.257173
           3.07299          0.257647
           3.07481          0.258471
           3.07664          0.259182
           3.07847          0.259396
           3.08029          0.259653
           3.08213          0.260314
           3.08396          0.261230
           3.08579          0.261950
           3.08763          0.262664
           3.08947          0.263204
           3.09131          0.263851
           3.09316          0.264646
           3.09501          0.265461
           3.09685          0.266609
           3.09871          0.267371
           3.10056          0.268044
           3.10241          0.268991
           3.10427          0.269965
           3.10613          0.270945
           3.10799          0.271823
           3.10986          0.272582
           3.11173          0.273511
           3.11359          0.274470
           3.11547          0.275296
           3.11734          0.276305
           3.11921          0.277340
           3.12109          0.278033
           3.12297          0.279057
           3.12486          0.280042
           3.12674          0.281071
           3.12863          0.281955
           3.13052          0.282907
           3.13241          0.283837
           3.13430          0.284875
           3.13620          0.285764
           3.13810          0.286604
           3.14000          0.287592
           3.14190          0.288495
           3.14381          0.289346
           3.14571          0.290405
           3.14762          0.291409
           3.14954          0.292506
           3.15145          0.293585
           3.15337          0.294566
           3.15529          0.295464
           3.15721          0.296335
           3.15913          0.297158
           3.16106          0.298191
           3.16299          0.299129
           3.16492          0.300031
           3.16685          0.300943
           3.16879          0.301806
           3.17072          0.302630
           3.17267          0.303567
           3.17461          0.304605
           3.17655          0.305457
           3.17850          0.306425
           3.18045          0.307489
           3.18240          0.308467
           3.18436          0.309368
           3.18632          0.310090
           3.18827          0.310770
           3.19024          0.311742
           3.19220          0.312699
           3.19417          0.313486
           3.19614          0.314326
           3.19811          0.315113
           3.20008          0.315950
           3.20206          0.316894
           3.20404          0.317773
           3.20602          0.318549
           3.20800          0.319114
           3.20999          0.319844
           3.21198          0.320621
           3.21397          0.321484
           3.21596          0.322219
           3.21796          0.322770
           3.21996          0.323318
           3.22196          0.324178
           3.22396          0.325115
           3.22597          0.325809
           3.22798          0.326491
           3.22999          0.327205
           3.23200          0.327845
           3.23402          0.328706
           3.23604          0.329289
           3.23806          0.329838
           3.24008          0.330564
           3.24211          0.331082
           3.24414          0.331636
           3.24617          0.332495
           3.24820          0.333137
           3.25024          0.333610
           3.25228          0.334287
           3.25432          0.335010
           3.25637          0.335573
           3.25841          0.336051
           3.26046          0.336662
           3.26251          0.337528
           3.26457          0.338161
           3.26663          0.338672
           3.26869          0.339242
           3.27075          0.339947
           3.27281          0.340488
           3.27488          0.341070
           3.27695          0.341784
           3.27902          0.342318
           3.28110          0.342648
           3.28318          0.343203
           3.28526          0.343838
           3.28734          0.344569
           3.28943          0.345028
           3.29151          0.345582
           3.29361          0.346241
           3.29570          0.346851
           3.29780          0.347237
           3.29990          0.347675
           3.30200          0.348088
           3.30410          0.348615
           3.30621          0.349026
           3.30832          0.349398
           3.31043          0.349780
           3.31255          0.350366
           3.31466          0.350876
           3.31679          0.351262
           3.31891          0.351579
           3.32103          0.351899
           3.32316          0.352157
           3.32529          0.352647
           3.32743          0.353062
           3.32957          0.353333
           3.33171          0.353611
           3.33385          0.353606
           3.33599          0.353621
           3.33814          0.353728
           3.34029          0.353675
           3.34245          0.353699
           3.34460          0.353759
           3.34676          0.353709
           3.34892          0.353448
           3.35109          0.353202
           3.35326          0.352852
           3.35543          0.352535
           3.35760          0.352471
           3.35978          0.352532
           3.36196          0.352424
           3.36414          0.352062
           3.36632          0.351673
           3.36851          0.351506
           3.37070          0.351294
           3.37289          0.350966
           3.37509          0.350755
           3.37729          0.350541
           3.37949          0.350287
           3.38169          0.350364
           3.38390          0.350412
           3.38611          0.350425
           3.38832          0.350435
           3.39054          0.350440
           3.39276          0.350393
           3.39498          0.350380
           3.39721          0.350019
           3.39943          0.349536
           3.40166          0.348959
           3.40390          0.348264
           3.40613          0.347489
           3.40837          0.346831
           3.41061          0.346428
           3.41286          0.346023
           3.41511          0.345957
           3.41736          0.346137
           3.41961          0.346692
           3.42187          0.347761
           3.42413          0.349145
           3.42639          0.350468
           3.42866          0.352067
           3.43093          0.353621
           3.43320          0.354993
           3.43548          0.356289
           3.43776          0.357629
           3.44004          0.358797
           3.44232          0.359694
           3.44461          0.360497
           3.44690          0.361319
           3.44919          0.362196
           3.45149          0.362988
           3.45379          0.363740
           3.45609          0.364422
           3.45840          0.365034
           3.46070          0.365438
           3.46302          0.365925
           3.46533          0.366321
           3.46765          0.366464
           3.46997          0.366709
           3.47229          0.366662
           3.47462          0.366392
           3.47695          0.366202
           3.47929          0.365992
           3.48162          0.365949
           3.48396          0.365944
           3.48630          0.365983
           3.48865          0.365924
           3.49100          0.365819
           3.49335          0.365750
           3.49571          0.365531
           3.49807          0.365321
           3.50043          0.365357
           3.50279          0.365568
           3.50516          0.366189
           3.50753          0.367153
           3.50991          0.368321
           3.51229          0.369624
           3.51467          0.371194
           3.51705          0.372661
           3.51944          0.373964
           3.52183          0.375217
           3.52423          0.376567
           3.52662          0.377954
           3.52902          0.379150
           3.53143          0.380182
           3.53383          0.381320
           3.53624          0.382380
           3.53866          0.383216
           3.54108          0.384076
           3.54350          0.384985
           3.54592          0.385708
           3.54835          0.386472
           3.55078          0.387255
           3.55321          0.388007
           3.55565          0.388735
           3.55809          0.389322
           3.56053          0.389763
           3.56298          0.390319
           3.56543          0.390954
           3.56788          0.391408
           3.57034          0.391744
           3.57280          0.392260
           3.57527          0.392850
           3.57773          0.393360
           3.58020          0.393753
           3.58268          0.394290
           3.58516          0.394820
           3.58764          0.395134
           3.59012          0.395330
           3.59261          0.395909
           3.59510          0.396132
           3.59760          0.396384
           3.60009          0.396657
           3.60260          0.396875
           3.60510          0.397219
           3.60761          0.397540
           3.61012          0.397631
           3.61264          0.397657
           3.61516          0.397750
           3.61768          0.398027
           3.62021          0.398192
           3.62274          0.398249
           3.62527          0.398356
           3.62781          0.398334
           3.63035          0.398295
           3.63289          0.398294
           3.63544          0.398223
           3.63799          0.398183
           3.64054          0.398281
           3.64310          0.398354
           3.64566          0.398210
           3.64823          0.397909
           3.65080          0.397757
           3.65337          0.397858
           3.65595          0.397793
           3.65853          0.397828
           3.66111          0.397712
           3.66370          0.397658
           3.66629          0.397512
           3.66889          0.397471
           3.67148          0.397541
           3.67409          0.397486
           3.67669          0.397402
           3.67930          0.397491
           3.68191          0.397792
           3.68453          0.397853
           3.68715          0.397991
           3.68978          0.398267
           3.69240          0.398398
           3.69504          0.398759
           3.69767          0.399012
           3.70031          0.399113
           3.70295          0.399427
           3.70560          0.399842
           3.70825          0.400173
           3.71091          0.400332
           3.71356          0.400641
           3.71623          0.401060
           3.71889          0.401499
           3.72156          0.401821
           3.72423          0.401990
           3.72691          0.402323
           3.72959          0.402809
           3.73228          0.403167
           3.73497          0.403442
           3.73766          0.403813
           3.74036          0.404232
           3.74306          0.404732
           3.74576          0.405002
           3.74847          0.405208
           3.75118          0.405483
           3.75390          0.405865
           3.75662          0.406202
           3.75934          0.406241
           3.76207          0.406473
           3.76480          0.406848
           3.76754          0.407068
           3.77028          0.407261
           3.77302          0.407514
           3.77577          0.407782
           3.77852          0.407841
           3.78128          0.407825
           3.78404          0.407944
           3.78680          0.408051
           3.78957          0.408000
           3.79234          0.407982
           3.79512          0.407872
           3.79790          0.407711
           3.80069          0.407514
           3.80347          0.407280
           3.80627          0.407084
           3.80906          0.406996
           3.81186          0.406938
           3.81467          0.406973
           3.81748          0.406913
           3.82029          0.406752
           3.82311          0.406612
           3.82593          0.406349
           3.82876          0.406086
           3.83159          0.405930
           3.83442          0.405767
           3.83726          0.405642
           3.84010          0.405598
           3.84295          0.405565
           3.84580          0.405432
           3.84865          0.405318
           3.85151          0.405278
           3.85438          0.405276
           3.85724          0.405183
           3.86012          0.405067
           3.86299          0.405076
           3.86587          0.404977
           3.86876          0.404838
           3.87165          0.404821
           3.87454          0.404756
           3.87744          0.404797
           3.88034          0.404859
           3.88325          0.404751
           3.88616          0.404601
           3.88907          0.404542
           3.89199          0.404429
           3.89492          0.404297
           3.89785          0.404140
           3.90078          0.404158
           3.90372          0.404017
           3.90666          0.403939
           3.90960          0.403871
           3.91255          0.403551
           3.91551          0.403292
           3.91847          0.403230
           3.92143          0.403095
           3.92440          0.402933
           3.92738          0.402711
           3.93035          0.402505
           3.93333          0.402075
           3.93632          0.401582
           3.93931          0.401144
           3.94231          0.400729
           3.94531          0.400235
           3.94831          0.399537
           3.95132          0.398654
           3.95434          0.397838
           3.95735          0.397130
           3.96038          0.396546
           3.96341          0.395923
           3.96644          0.395339
           3.96948          0.394714
           3.97252          0.394310
           3.97556          0.393984
           3.97861          0.393816
           3.98167          0.393695
           3.98473          0.393690
           3.98780          0.393937
           3.99087          0.394378
           3.99394          0.394743
           3.99702          0.395290
           4.00010          0.396211
           4.00319          0.397098
           4.00629          0.397918
           4.00939          0.398913
           4.01249          0.399778
           4.01560          0.400626
           4.01871          0.401470
           4.02183          0.402369
           4.02495          0.403252
           4.02808          0.404330
           4.03121          0.405224
           4.03435          0.406057
           4.03749          0.407063
           4.04064          0.408137
           4.04379          0.409142
           4.04694          0.410032
           4.05011          0.410922
           4.05327          0.411760
           4.05644          0.412429
           4.05962          0.413124
           4.06280          0.413898
           4.06599          0.414569
           4.06918          0.415118
           4.07238          0.415512
           4.07558          0.415984
           4.07878          0.416502
           4.08200          0.416892
           4.08521          0.417120
           4.08843          0.417477
           4.09166          0.417947
           4.09489          0.418235
           4.09813          0.418336
           4.10137          0.418484
           4.10462          0.418766
           4.10787          0.419080
           4.11113          0.419327
           4.11439          0.419382
           4.11766          0.419518
           4.12093          0.419696
           4.12421          0.419974
           4.12750          0.420065
           4.13079          0.420233
           4.13408          0.420320
           4.13738          0.420363
           4.14068          0.420410
           4.14399          0.420545
           4.14731          0.420625
           4.15063          0.420589
           4.15395          0.420668
           4.15729          0.420789
           4.16062          0.420772
           4.16396          0.420790
           4.16731          0.420802
           4.17066          0.420919
           4.17402          0.420924
           4.17739          0.420955
           4.18075          0.420920
           4.18413          0.421008
           4.18751          0.421180
           4.19089          0.421219
           4.19428          0.421074
           4.19768          0.421039
           4.20108          0.421078
           4.20449          0.421035
           4.20790          0.420992
           4.21132          0.420961
           4.21474          0.420853
           4.21817          0.420887
           4.22161          0.420989
           4.22505          0.421036
           4.22850          0.421033
           4.23195          0.420979
           4.23540          0.420909
           4.23887          0.420904
           4.24234          0.420815
           4.24581          0.420930
           4.24929          0.420980
           4.25278          0.420827
           4.25627          0.420461
           4.25977          0.419710
           4.26327          0.418900
           4.26678          0.418752
           4.27029          0.418835
           4.27381          0.418921
           4.27734          0.418937
           4.28087          0.418874
           4.28441          0.418649
           4.28795          0.418459
           4.29150          0.418331
           4.29506          0.418089
           4.29862          0.417866
           4.30219          0.417725
           4.30576          0.417504
           4.30934          0.417370
           4.31292          0.417105
           4.31652          0.416909
           4.32011          0.416653
           4.32372          0.416347
           4.32732          0.416035
           4.33094          0.415810
           4.33456          0.415532
           4.33819          0.415269
           4.34182          0.414831
           4.34546          0.414538
           4.34911          0.414201
           4.35276          0.413942
           4.35642          0.413692
           4.36008          0.413466
           4.36375          0.413110
           4.36743          0.412803
           4.37111          0.412611
           4.37480          0.412381
           4.37849          0.411967
           4.38219          0.411590
           4.38590          0.411249
           4.38961          0.410928
           4.39333          0.410588
           4.39706          0.410345
           4.40079          0.409956
           4.40453          0.409605
           4.40828          0.409222
           4.41203          0.408713
           4.41579          0.408371
           4.41955          0.408123
           4.42332          0.407771
           4.42710          0.407470
           4.43088          0.407118
           4.43468          0.406673
           4.43847          0.406136
           4.44228          0.405680
           4.44608          0.405303
           4.44990          0.404944
           4.45372          0.404530
           4.45755          0.403998
           4.46139          0.403381
           4.46523          0.402923
           4.46908          0.402447
           4.47294          0.401973
           4.47680          0.401555
           4.48067          0.401266
           4.48455          0.400782
           4.48843          0.400362
           4.49232          0.399960
           4.49621          0.399562
           4.50012          0.399134
           4.50403          0.398837
           4.50794          0.398390
           4.51187          0.398024
           4.51580          0.397811
           4.51973          0.397568
           4.52368          0.397112
           4.52763          0.396658
           4.53159          0.396249
           4.53555          0.395914
           4.53952          0.395601
           4.54350          0.395202
           4.54749          0.394656
           4.55148          0.394318
           4.55548          0.393943
           4.55949          0.393562
           4.56350          0.393246
           4.56752          0.392850
           4.57155          0.392414
           4.57558          0.392045
           4.57963          0.391668
           4.58367          0.391357
           4.58773          0.390952
           4.59179          0.390547
           4.59586          0.390135
           4.59994          0.389703
           4.60403          0.389192
           4.60812          0.388771
           4.61222          0.388328
           4.61633          0.387892
           4.62044          0.387462
           4.62456          0.387044
           4.62869          0.386604
           4.63283          0.386128
           4.63697          0.385585
           4.64112          0.385079
           4.64528          0.384672
           4.64945          0.384079
           4.65362          0.383333
           4.65780          0.382724
           4.66199          0.382054
           4.66619          0.381486
           4.67039          0.380960
           4.67460          0.380380
           4.67882          0.379653
           4.68305          0.378974
           4.68728          0.378282
           4.69152          0.377755
           4.69577          0.377273
           4.70003          0.376759
           4.70430          0.376219
           4.70857          0.375687
           4.71285          0.375180
           4.71714          0.374684
           4.72143          0.374023
           4.72574          0.373417
           4.73005          0.372910
           4.73437          0.372308
           4.73870          0.371561
           4.74303          0.370963
           4.74738          0.370329
           4.75173          0.369739
           4.75609          0.369152
           4.76045          0.368597
           4.76483          0.368061
           4.76921          0.367508
           4.77360          0.366852
           4.77800          0.366220
           4.78241          0.365523
           4.78683          0.364797
           4.79125          0.364072
           4.79568          0.363531
           4.80013          0.362847
           4.80457          0.362083
           4.80903          0.361390
           4.81350          0.360781
           4.81797          0.360098
           4.82245          0.359302
           4.82694          0.358485
           4.83144          0.357762
           4.83595          0.356995
           4.84046          0.356216
           4.84499          0.355444
           4.84952          0.354553
           4.85406          0.353641
           4.85861          0.352732
           4.86317          0.351760
           4.86773          0.350815
           4.87231          0.349746
           4.87689          0.348609
           4.88148          0.347476
           4.88608          0.346208
           4.89069          0.344698
           4.89531          0.343148
           4.89994          0.341456
           4.90457          0.339633
           4.90922          0.337654
           4.91387          0.335515
           4.91853          0.333260
           4.92321          0.331051
           4.92788          0.328691
           4.93257          0.326291
           4.93727          0.323900
           4.94198          0.321506
           4.94669          0.319143
           4.95142          0.316722
           4.95615          0.314305
           4.96090          0.311813
           4.96565          0.309241
           4.97041          0.306576
           4.97518          0.303821
           4.97996          0.301150
           4.98475          0.298498
           4.98954          0.295860
           4.99435          0.293348
           4.99917          0.290931
           5.00399          0.288521
           5.00883          0.286214
           5.01367          0.283863
           5.01852          0.281632
           5.02339          0.279584
           5.02826          0.277817
           5.03314          0.276035
           5.03803          0.274293
           5.04293          0.272631
           5.04784          0.271065
           5.05276          0.269576
           5.05769          0.268232
           5.06263          0.266990
           5.06758          0.265879
           5.07254          0.264826
           5.07751          0.264006
           5.08249          0.263184
           5.08747          0.262430
           5.09247          0.261880
           5.09748          0.261296
           5.10250          0.260699
           5.10752          0.260141
           5.11256          0.259704
           5.11761          0.259182
           5.12266          0.258688
           5.12773          0.258084
           5.13281          0.257381
           5.13789          0.256851
           5.14299          0.256280
           5.14810          0.255498
           5.15322          0.254899
           5.15834          0.254446
           5.16348          0.253808
           5.16863          0.253170
           5.17379          0.252449
           5.17896          0.251639
           5.18413          0.250791
           5.18932          0.249980
           5.19452          0.249069
           5.19973          0.248051
           5.20496          0.247069
           5.21019          0.245978
           5.21543          0.244457
           5.22068          0.243213
           5.22594          0.241791
           5.23122          0.240036
           5.23650          0.238225
           5.24179          0.236340
           5.24710          0.234349
           5.25242          0.232199
           5.25774          0.229930
           5.26308          0.227683
           5.26843          0.225396
           5.27379          0.222962
           5.27916          0.220542
           5.28454          0.218325
           5.28993          0.216103
           5.29534          0.213828
           5.30075          0.211823
           5.30618          0.209838
           5.31161          0.207864
           5.31706          0.205928
           5.32252          0.204210
           5.32799          0.202549
           5.33347          0.201015
           5.33896          0.199625
           5.34447          0.198302
           5.34998          0.197084
           5.35551          0.196213
           5.36105          0.195607
           5.36660          0.195044
           5.37216          0.194790
           5.37773          0.194753
           5.38332          0.194780
           5.38891          0.194814
           5.39452          0.194988
           5.40014          0.195331
           5.40577          0.195738
           5.41141          0.195997
           5.41707          0.196174
           5.42274          0.196241
           5.42841          0.196775
           5.43410          0.197265
           5.43981          0.197369
           5.44552          0.197686
           5.45125          0.197995
           5.45698          0.198389
           5.46273          0.198665
           5.46850          0.198963
           5.47427          0.199511
           5.48006          0.199800
           5.48586          0.200398
           5.49167          0.201053
           5.49749          0.201503
           5.50333          0.201961
           5.50918          0.202462
           5.51504          0.203021
           5.52091          0.203440
           5.52680          0.203993
           5.53269          0.204590
           5.53861          0.204936
           5.54453          0.205019
           5.55047          0.204946
           5.55641          0.204838
           5.56238          0.204968
           5.56835          0.205149
           5.57434          0.205264
           5.58034          0.205309
           5.58635          0.206104
           5.59238          0.206999
           5.59842          0.207555
           5.60447          0.208094
           5.61054          0.208706
           5.61661          0.209035
           5.62271          0.209384
           5.62881          0.209749
           5.63493          0.209897
           5.64106          0.209724
           5.64721          0.209884
           5.65336          0.210249
           5.65954          0.210141
           5.66572          0.210259
           5.67192          0.209919
           5.67813          0.209580
           5.68436          0.209513
           5.69060          0.209218
           5.69685          0.208887
           5.70312          0.208737
           5.70940          0.207993
           5.71569          0.207628
           5.72200          0.207384
           5.72833          0.206926
           5.73466          0.206472
           5.74101          0.205950
           5.74738          0.205196
           5.75376          0.204573
           5.76015          0.204131
           5.76656          0.202888
           5.77298          0.202524
           5.77941          0.202378
           5.78586          0.201635
           5.79233          0.201120
           5.79881          0.200557
           5.80530          0.200098
           5.81181          0.199655
           5.81833          0.198918
           5.82487          0.198370
           5.83142          0.198720
           5.83799          0.198738
           5.84457          0.198572
           5.85117          0.198395
           5.85778          0.198297
           5.86441          0.198120
           5.87105          0.198264
           5.87770          0.197948
           5.88438          0.197457
           5.89106          0.198334
           5.89776          0.198001
           5.90448          0.198310
           5.91121          0.198478
           5.91796          0.197981
           5.92473          0.197808
           5.93150          0.197366
           5.93830          0.196474
           5.94511          0.196633
           5.95193          0.196727
           5.95878          0.196265
           5.96563          0.195718
           5.97251          0.194877
           5.97939          0.194628
           5.98630          0.193553
           5.99322          0.192412
           6.00016          0.191352
           6.00711          0.189994
           6.01408          0.188139
           6.02106          0.186334
           6.02806          0.184277
           6.03508          0.182020
           6.04212          0.179355
           6.04917          0.176301
           6.05623          0.173707
           6.06332          0.171292
           6.07042          0.168302
           6.07753          0.165582
           6.08467          0.162952
           6.09182          0.160307
           6.09898          0.157573
           6.10617          0.155142
           6.11337          0.152903
           6.12058          0.151231
           6.12782          0.149916
           6.13507          0.148919
           6.14234          0.148300
           6.14963          0.148116
           6.15693          0.148300
           6.16425          0.148953
           6.17159          0.150736
           6.17895          0.153034
           6.18632          0.155697
           6.19371          0.160062
           6.20112          0.164570
           6.20854          0.168253
           6.21599          0.172275
           6.22345          0.176146
           6.23093          0.179845
           6.23843          0.183094
           6.24595          0.186068
           6.25348          0.188666
           6.26103          0.190978
           6.26860          0.192995
           6.27619          0.194843
           6.28380          0.196376
           6.29143          0.197755
           6.29907          0.198935
           6.30673          0.199912
           6.31442          0.200588
           6.32212          0.201129
           6.32984          0.201604
           6.33757          0.201683
           6.34533          0.201305
           6.35311          0.201621
           6.36090          0.201590
           6.36872          0.200800
           6.37655          0.200185
           6.38440          0.199541
           6.39227          0.198533
           6.40017          0.197270
           6.40808          0.195581
           6.41601          0.193503
           6.42396          0.191856
           6.43193          0.189932
           6.43992          0.187864
           6.44793          0.185564
           6.45596          0.182829
           6.46401          0.179912
           6.47208          0.176747
           6.48017          0.173352
           6.48828          0.169902
           6.49641          0.166507
           6.50456          0.163335
           6.51273          0.160220
           6.52092          0.157146
           6.52914          0.153900
           6.53737          0.150960
           6.54563          0.148248
           6.55390          0.145679
           6.56220          0.143122
           6.57051          0.140731
           6.57885          0.138490
           6.58721          0.136542
           6.59559          0.134479
           6.60399          0.132607
           6.61242          0.130716
           6.62086          0.129015
           6.62933          0.126979
           6.63782          0.125077
           6.64633          0.123216
           6.65486          0.121639
           6.66341          0.119979
           6.67199          0.118274
           6.68059          0.116415
           6.68921          0.114826
           6.69785          0.113219
           6.70651          0.111773
           6.71520          0.110270
           6.72391          0.108866
           6.73264          0.107483
           6.74140          0.106367
           6.75018          0.105246
           6.75898          0.104149
           6.76780          0.103021
           6.77665          0.102083
           6.78552          0.100957
           6.79441          0.099932
           6.80333          0.098979
           6.81227          0.098114
           6.82123          0.097308
           6.83022          0.096532
           6.83923          0.095647
           6.84826          0.094825
           6.85732          0.093963
           6.86640          0.093198
           6.87551          0.092506
           6.88464          0.091923
           6.89380          0.091351
           6.90298          0.090781
           6.91218          0.090101
           6.92141          0.089571
           6.93066          0.089022
           6.93994          0.088516
           6.94924          0.087943
           6.95857          0.087378
           6.96792          0.086856
           6.97730          0.086515
           6.98670          0.086204
           6.99613          0.086019
           7.00559          0.085730
           7.01507          0.085575
           7.02457          0.085463
           7.03410          0.085624
           7.04366          0.085785
           7.05325          0.086102
           7.06285          0.086646
           7.07249          0.087423
           7.08215          0.088336
           7.09184          0.089439
           7.10155          0.090757
           7.11130          0.092220
           7.12106          0.093717
           7.13086          0.095332
           7.14068          0.096797
           7.15053          0.098178
           7.16041          0.099556
           7.17031          0.100819
           7.18024          0.102055
           7.19020          0.103106
           7.20019          0.103674
           7.21020          0.104114
           7.22024          0.104497
           7.23031          0.104732
           7.24041          0.104630
           7.25054          0.104378
           7.26069          0.104016
           7.27088          0.103566
           7.28109          0.102994
           7.29133          0.102342
           7.30160          0.101608
           7.31190          0.100846
           7.32222          0.099979
           7.33258          0.099097
           7.34297          0.098068
           7.35338          0.096916
           7.36383          0.095685
           7.37430          0.094529
           7.38481          0.093227
           7.39534          0.091809
           7.40591          0.090335
           7.41650          0.088886
           7.42713          0.087315
           7.43778          0.085850
           7.44847          0.084238
           7.45919          0.082574
           7.46994          0.080913
           7.48071          0.079188
           7.49152          0.077363
           7.50237          0.075646
           7.51324          0.073867
           7.52414          0.072046
           7.53508          0.070167
           7.54605          0.068387
           7.55705          0.066455
           7.56808          0.064578
           7.57915          0.062758
           7.59024          0.060943
           7.60137          0.059104
           7.61253          0.057355
           7.62373          0.055535
           7.63496          0.053926
           7.64622          0.052313
           7.65751          0.050678
           7.66884          0.049034
           7.68020          0.047469
           7.69159          0.045866
           7.70302          0.044339
           7.71449          0.042815
           7.72598          0.041325
           7.73752          0.039859
           7.74908          0.038478
           7.76068          0.037123
           7.77232          0.035857
           7.78399          0.034493
           7.79569          0.033243
           7.80743          0.032087
           7.81921          0.031049
           7.83102          0.030026
           7.84287          0.029173
           7.85475          0.028421
           7.86667          0.027655
           7.87862          0.026912
           7.89062          0.026417
           7.90264          0.025956
           7.91471          0.025608
           7.92681          0.025327
           7.93895          0.025142
           7.95113          0.025045
           7.96334          0.025106
           7.97559          0.025149
           7.98788          0.025388
           8.00021          0.025664
           8.01257          0.026044
           8.02498          0.026564
           8.03742          0.027197
           8.04990          0.027847
           8.06242          0.028705
           8.07498          0.029664
           8.08757          0.030917
           8.10021          0.032199
           8.11289          0.033646
           8.12560          0.035189
           8.13836          0.036881
           8.15116          0.038591
           8.16399          0.040397
           8.17687          0.042152
           8.18979          0.043911
           8.20275          0.045651
           8.21575          0.047397
           8.22879          0.049115
           8.24187          0.050767
           8.25499          0.052286
           8.26816          0.053935
           8.28137          0.055667
           8.29462          0.057328
           8.30791          0.058994
           8.32124          0.060765
           8.33462          0.062401
           8.34804          0.063952
           8.36151          0.065443
           8.37502          0.067013
           8.38857          0.068424
           8.40216          0.069582
           8.41580          0.070341
           8.42949          0.070700
           8.44322          0.070605
           8.45699          0.070197
           8.47081          0.069527
           8.48467          0.068768
           8.49858          0.067901
           8.51254          0.067018
           8.52654          0.066091
           8.54058          0.065262
           8.55468          0.064533
           8.56882          0.064011
           8.58300          0.063447
           8.59724          0.063071
           8.61152          0.062856
           8.62585          0.062816
           8.64023          0.062820
           8.65465          0.062825
           8.66912          0.062725
           8.68364          0.062550
           8.69821          0.062207
           8.71283          0.061862
           8.72750          0.061420
           8.74222          0.060956
           8.75699          0.060332
           8.77180          0.059687
           8.78667          0.059093
           8.80159          0.058507
           8.81656          0.057798
           8.83158          0.057141
           8.84665          0.056420
           8.86177          0.055644
           8.87694          0.054746
           8.89217          0.053871
           8.90745          0.052905
           8.92278          0.051912
           8.93816          0.050950
           8.95360          0.050250
           8.96909          0.049502
           8.98464          0.048979
           9.00023          0.048814
           9.01589          0.048943
           9.03159          0.049508
           9.04736          0.050546
           9.06317          0.051858
           9.07905          0.053438
           9.09497          0.055261
           9.11096          0.057216
           9.12700          0.059078
           9.14310          0.060969
           9.15925          0.062814
           9.17546          0.064607
           9.19173          0.066165
           9.20806          0.067507
           9.22444          0.068743
           9.24088          0.069759
           9.25738          0.070414
           9.27394          0.070856
           9.29056          0.071049
           9.30724          0.070877
           9.32398          0.070227
           9.34078          0.069357
           9.35764          0.068005
           9.37457          0.066320
           9.39155          0.064482
           9.40859          0.062654
           9.42570          0.060941
           9.44287          0.059459
           9.46010          0.057923
           9.47740          0.056557
           9.49475          0.055439
           9.51217          0.054289
           9.52966          0.053115
           9.54721          0.052213
           9.56483          0.051250
           9.58250          0.050322
           9.60025          0.049394
           9.61806          0.048512
           9.63594          0.047581
           9.65388          0.046816
           9.67189          0.046144
           9.68997          0.045513
           9.70812          0.044809
           9.72633          0.044168
           9.74462          0.043533
           9.76297          0.043105
           9.78139          0.042665
           9.79988          0.042114
           9.81844          0.041568
           9.83707          0.041028
           9.85577          0.040508
           9.87454          0.040038
           9.89339          0.039569
           9.91230          0.039168
           9.93129          0.038717
           9.95036          0.038325
           9.96949          0.037967
           9.98870          0.037678
          10.00798          0.037379
          10.02734          0.037024
          10.04677          0.036744
          10.06628          0.036592
          10.08587          0.036475
          10.10553          0.036281
          10.12526          0.036197
          10.14508          0.036219
          10.16497          0.036182
          10.18494          0.036319
          10.20499          0.036520
          10.22512          0.036679
          10.24533          0.036852
          10.26561          0.037030
          10.28598          0.037129
          10.30643          0.037363
          10.32696          0.037569
          10.34757          0.037757
          10.36827          0.037866
          10.38905          0.038033
          10.40991          0.038196
          10.43086          0.038260
          10.45188          0.038168
          10.47300          0.038244
          10.49420          0.038305
          10.51549          0.038279
          10.53686          0.038178
          10.55832          0.038075
          10.57987          0.037934
          10.60150          0.037615
          10.62323          0.037110
          10.64504          0.036739
          10.66694          0.036260
          10.68894          0.035713
          10.71102          0.035199
          10.73320          0.034727
          10.75547          0.034220
          10.77783          0.033838
          10.80028          0.033461
          10.82283          0.033325
          10.84547          0.033342
          10.86821          0.033448
          10.89104          0.033607
          10.91397          0.033941
          10.93699          0.034377
          10.96012          0.035025
          10.98334          0.035637
          11.00666          0.036373
          11.03007          0.037166
          11.05359          0.037990
          11.07721          0.038784
          11.10093          0.039523
          11.12475          0.039852
          11.14868          0.040070
          11.17271          0.040088
          11.19684          0.039933
          11.22107          0.039662
          11.24541          0.039294
          11.26986          0.039025
          11.29441          0.038985
          11.31907          0.038846
          11.34384          0.038818
          11.36872          0.038883
          11.39370          0.039021
          11.41880          0.039264
          11.44401          0.039839
          11.46933          0.040767
          11.49476          0.042072
          11.52030          0.043539
          11.54596          0.044939
          11.57173          0.046064
          11.59762          0.046955
          11.62362          0.047700
          11.64974          0.048153
          11.67598          0.048285
          11.70234          0.048262
          11.72881          0.048234
          11.75541          0.048427
          11.78213          0.048746
          11.80896          0.049396
          11.83592          0.050244
          11.86301          0.051203
          11.89022          0.052215
          11.91755          0.053357
          11.94501          0.054607
          11.97260          0.055866
          12.00031          0.056963
          12.02816          0.057920
          12.05613          0.058751
          12.08423          0.059474
          12.11246          0.059892
          12.14083          0.060011
          12.16933          0.059873
          12.19796          0.059684
          12.22673          0.059334
          12.25564          0.058724
          12.28468          0.057807
          12.31386          0.056611
          12.34318          0.054982
          12.37264          0.053058
          12.40224          0.050760
          12.43198          0.048470
          12.46186          0.046437
          12.49189          0.044887
          12.52207          0.044058
          12.55238          0.044085
          12.58285          0.044946
          12.61347          0.046684
          12.64423          0.048755
          12.67515          0.050928
          12.70621          0.052946
          12.73743          0.054630
          12.76881          0.055793
          12.80033          0.056629
          12.83202          0.057092
          12.86386          0.057743
          12.89586          0.059164
          12.92802          0.061581
          12.96034          0.064528
          12.99282          0.067355
          13.02546          0.069575
          13.05827          0.071133
          13.09125          0.072190
          13.12439          0.073008
          13.15770          0.073305
          13.19118          0.073386
          13.22483          0.073446
          13.25866          0.073178
          13.29265          0.072656
          13.32683          0.071952
          13.36117          0.070993
          13.39570          0.069893
          13.43040          0.068623
          13.46529          0.067120
          13.50035          0.065447
          13.53560          0.063629
          13.57103          0.061590
          13.60665          0.059558
          13.64246          0.057640
          13.67846          0.055969
          13.71464          0.054558
          13.75102          0.053306
          13.78759          0.052111
          13.82436          0.051050
          13.86132          0.050133
          13.89849          0.049241
          13.93585          0.048307
          13.97341          0.047351
          14.01117          0.046239
          14.04915          0.045050
          14.08732          0.043963
          14.12571          0.042997
          14.16430          0.041891
          14.20311          0.040846
          14.24213          0.039630
          14.28136          0.038542
          14.32081          0.037411
          14.36049          0.036053
          14.40038          0.034854
          14.44049          0.034083
          14.48082          0.033555
          14.52139          0.033297
          14.56218          0.032937
          14.60320          0.032489
          14.64445          0.031905
          14.68593          0.031197
          14.72766          0.030587
          14.76962          0.029824
          14.81181          0.028795
          14.85425          0.027899
          14.89694          0.026978
          14.93987          0.025933
          14.98305          0.024966
          15.02648          0.023997
          15.07016          0.022917
          15.11410          0.021794
          15.15829          0.020744
          15.20274          0.019795
          15.24746          0.018798
          15.29243          0.018089
          15.33768          0.017380
          15.38319          0.016739
          15.42897          0.016370
          15.47503          0.016004
          15.52136          0.015610
          15.56797          0.015462
          15.61487          0.015647
          15.66204          0.016135
          15.70950          0.016790
          15.75725          0.017707
          15.80529          0.018631
          15.85362          0.019601
          15.90226          0.020681
          15.95119          0.021747
          16.00042          0.022638
          16.04995          0.023383
          16.09980          0.024029
          16.14995          0.024488
          16.20042          0.024848
          16.25121          0.025479
          16.30231          0.025793
          16.35374          0.026150
          16.40549          0.026463
          16.45757          0.027179
          16.50998          0.027776
          16.56273          0.028259
          16.61582          0.028930
          16.66924          0.029656
          16.72302          0.030323
          16.77714          0.031447
          16.83161          0.032408
          16.88643          0.033451
          16.94162          0.034558
          16.99716          0.035827
          17.05308          0.037351
          17.10936          0.039072
          17.16601          0.040395
          17.22304          0.041716
          17.28045          0.043222
          17.33824          0.044705
          17.39643          0.045996
          17.45500          0.047435
          17.51397          0.048650
          17.57334          0.049952
          17.63311          0.050913
          17.69329          0.051686
          17.75389          0.052688
          17.81490          0.053901
          17.87633          0.054390
          17.93818          0.054941
          18.00047          0.055655
          18.06319          0.056300
          18.12635          0.056755
          18.18995          0.057101
          18.25400          0.057569
          18.31850          0.058390
          18.38346          0.059091
          18.44888          0.059632
          18.51477          0.059908
          18.58113          0.060196
          18.64797          0.060309
          18.71529          0.059918
          18.78310          0.059680
          18.85140          0.059659
          18.92020          0.058900
          18.98951          0.057558
          19.05932          0.056113
          19.12965          0.054772
          19.20050          0.052797
          19.27188          0.051540
          19.34379          0.050107
          19.41624          0.048384
          19.48923          0.046344
          19.56277          0.044117
          19.63688          0.041758
          19.71154          0.040040
          19.78678          0.038441
          19.86259          0.036936
          19.93898          0.035969
          20.01596          0.035921
          20.09355          0.036194
          20.17173          0.038070
          20.25053          0.041621
          20.32994          0.046351
          20.40998          0.051714
          20.49065          0.056896
          20.57196          0.060852
          20.65392          0.064455
          20.73654          0.066886
          20.81982          0.068327
          20.90377          0.069065
          20.98840          0.069163
          21.07372          0.068874
          21.15973          0.069074
          21.24646          0.068861
          21.33389          0.068184
          21.42204          0.067461
          21.51093          0.066798
          21.60056          0.065338
          21.69094          0.063963
          21.78208          0.063152
          21.87399          0.062232
          21.96667          0.061407
          22.06015          0.061029
          22.15442          0.060247
          22.24951          0.059239
          22.34541          0.058040
          22.44214          0.056968
          22.53972          0.056739
          22.63814          0.057161
          22.73743          0.056922
          22.83760          0.056966
          22.93865          0.056867
          23.04060          0.056509
          23.14346          0.055413
          23.24724          0.055104
          23.35196          0.055439
          23.45763          0.055289
          23.56425          0.054575
          23.67185          0.054269
          23.78044          0.054185
          23.89002          0.054984
          24.00063          0.055793
          24.11226          0.056947
          24.22493          0.058181
          24.33866          0.058795
          24.45347          0.059317
          24.56936          0.060836
          24.68636          0.061059
          24.80447          0.061913
          24.92373          0.062455
          25.04413          0.062059
          25.16571          0.060377
          25.28846          0.061858
          25.41243          0.062639
          25.53761          0.064425
          25.66404          0.064057
          25.79172          0.063755
          25.92068          0.065592