           0.30000          0.241770
           0.30500          0.257505
           0.31000          0.278125
           0.31500          0.297799
           0.32000          0.320895
           0.32500          0.343374
           0.33000          0.365333
           0.33500          0.388459
           0.34000          0.409656
           0.34500          0.430027
           0.35000          0.451022
           0.35500          0.469584
           0.36000          0.487825
           0.36500          0.504840
           0.37000          0.519234
           0.37500          0.533122
           0.38000          0.546987
           0.38500          0.558203
           0.39000          0.570311
           0.39500          0.581096
           0.40000          0.587253
           0.40500          0.595719
           0.41000          0.599527
           0.41500          0.604924
           0.42000          0.609927
           0.42500          0.616928
           0.43000          0.621067
           0.43500          0.625301
           0.44000          0.630222
           0.44500          0.635574
           0.45000          0.638550
           0.45500          0.642693
           0.46000          0.646454
           0.46500          0.649299
           0.47000          0.652460
           0.47500          0.656054
           0.48000          0.660137
           0.48500          0.664021
           0.49000          0.668965
           0.49500          0.673672
           0.50000          0.679157
           0.50500          0.684373
           0.51000          0.689031
           0.51500          0.694618
           0.52000          0.700279
           0.52500          0.707026
           0.53000          0.717024
           0.53500          0.721743
           0.54000          0.728215
           0.54500          0.734473
           0.55000          0.740790
           0.55500          0.748487
           0.56000          0.754593
           0.56500          0.759367
           0.57000          0.765138
           0.57500          0.770937
           0.58000          0.776676
           0.58500          0.782518
           0.59000          0.788667
           0.59500          0.792617
           0.60000          0.797518
           0.60500          0.802201
           0.61000          0.805882
           0.61500          0.809406
           0.62000          0.812840
           0.62500          0.816307
           0.63000          0.819025
           0.63500          0.822149
           0.64000          0.825203
           0.64500          0.827519
           0.65000          0.830527
           0.65500          0.831899
           0.66000          0.834903
           0.66500          0.837573
           0.67000          0.839058
           0.67500          0.841717
           0.68000          0.844798
           0.68500          0.846711
           0.69000          0.848267
           0.69500          0.850676
           0.70000          0.852415
           0.70500          0.848850
           0.71000          0.851866
           0.71500          0.852439
           0.72000          0.855013
           0.72500          0.856676
           0.73000          0.856819
           0.73500          0.858385
           0.74000          0.859180
           0.74500          0.860482
           0.75000          0.859705
           0.75500          0.860347
           0.76000          0.864633
           0.76500          0.864627
           0.77000          0.864196
           0.77500          0.864602
           0.78000          0.865620
           0.78500          0.865755
           0.79000          0.867283
           0.79500          0.866429
           0.80000          0.867432
           0.80500          0.868543
           0.81000          0.869468
           0.81500          0.871883
           0.82000          0.870717
           0.82500          0.872320
           0.83000          0.870018
           0.83500          0.871781
           0.84000          0.871394
           0.84500          0.871606
           0.85000          0.871475
           0.85500          0.872591
           0.86000          0.871563
           0.86500          0.870242
           0.87000          0.870080
           0.87500          0.871274
           0.88000          0.871087
           0.88500          0.869555
           0.89000          0.870593
           0.89500          0.870077
           0.90000          0.869737
           0.90500          0.869644
           0.91000          0.869368
           0.91500          0.869775
           0.92000          0.872458
           0.92500          0.872621
           0.93000          0.872913
           0.93500          0.874154
           0.94000          0.875175
           0.94500          0.872971
           0.95000          0.873144
           0.95500          0.873645
           0.96000          0.873480
           0.96500          0.871974
           0.97000          0.870265
           0.97500          0.868079
           0.98000          0.865107
           0.98500          0.860632
           0.99000          0.856222
           0.99500          0.852792
           1.00000          0.851213
           1.00500          0.853248
           1.01000          0.855388
           1.01500          0.861357
           1.02000          0.865575
           1.02500          0.874811
           1.03000          0.878985
           1.03500          0.881236
           1.04000          0.882724
           1.04500          0.884290
           1.05000          0.884981
           1.05500          0.885682
           1.06000          0.885346
           1.06500          0.886731
           1.07000          0.887293
           1.07500          0.887865
           1.08000          0.888256
           1.08500          0.888403
           1.09000          0.887710
           1.09500          0.888070
           1.10000          0.888716
           1.10500          0.887969
           1.11000          0.888785
           1.11500          0.888412
           1.12000          0.889704
           1.12500          0.890651
           1.13000          0.892055
           1.13500          0.893271
           1.14000          0.893429
           1.14500          0.893742
           1.15000          0.892946
           1.15500          0.892111
           1.16000          0.892485
           1.16500          0.891607
           1.17000          0.891779
           1.17500          0.890987
           1.18000          0.890752
           1.18500          0.890764
           1.19000          0.889943
           1.19500          0.888221
           1.20000          0.888206
           1.20500          0.885340
           1.21000          0.883505
           1.21500          0.880925
           1.22000          0.876728
           1.22500          0.870363
           1.23000          0.865522
           1.23500          0.862123
           1.24000          0.859132
           1.24500          0.855935
           1.25000          0.852390
           1.25500          0.845732
           1.26000          0.831601
           1.26500          0.815853
           1.27000          0.815798
           1.27500          0.827133
           1.28000          0.841104
           1.28500          0.855514
           1.29000          0.867676
           1.29500          0.871977
           1.30000          0.872574
           1.30500          0.872714
           1.31000          0.871241
           1.31500          0.865638
           1.32000          0.854747
           1.32500          0.853701
           1.33000          0.850291
           1.33500          0.834274
           1.34000          0.829876
           1.34500          0.834020
           1.35000          0.833590
           1.35500          0.832501
           1.36000          0.834220
           1.36500          0.840111
           1.37000          0.846810
           1.37500          0.842285
           1.38000          0.842160
           1.38500          0.834013
           1.39000          0.830191
           1.39500          0.821653
           1.40000          0.811493
           1.40500          0.794355
           1.41000          0.772225
           1.41500          0.746742
           1.42000          0.681532
           1.42500          0.538674
           1.43000          0.568757
           1.43500          0.626193
           1.44000          0.680751
           1.44500          0.676978
           1.45000          0.657019
           1.45500          0.629291
           1.46000          0.615138
           1.46500          0.614275
           1.47000          0.582790
           1.47500          0.477573
           1.48000          0.450646
           1.48500          0.599581
           1.49000          0.663926
           1.49500          0.681890
           1.50000          0.692873
           1.50500          0.711190
           1.51000          0.736825
           1.51500          0.749945
           1.52000          0.758735
           1.52500          0.765252
           1.53000          0.766549
           1.53500          0.769326
           1.54000          0.774681
           1.54500          0.775301
           1.55000          0.777080
           1.55500          0.777264
           1.56000          0.779013
           1.56500          0.777964
           1.57000          0.777775
           1.57500          0.777321
           1.58000          0.776678
           1.58500          0.774819
           1.59000          0.774183
           1.59500          0.774470
           1.60000          0.774857
           1.60500          0.768974
           1.61000          0.769861
           1.61500          0.771041
           1.62000          0.769981
           1.62500          0.769748
           1.63000          0.768366
           1.63500          0.767653
           1.64000          0.767449
           1.64500          0.767317
           1.65000          0.764865
           1.65500          0.763330
           1.66000          0.762480
           1.66500          0.759715
           1.67000          0.756487
           1.67500          0.752869
           1.68000          0.749577
           1.68500          0.746117
           1.69000          0.742784
           1.69500          0.739164
           1.70000          0.738212
           1.70500          0.732706
           1.71000          0.728506
           1.71500          0.722024
           1.72000          0.712618
           1.72500          0.700256
           1.73000          0.683474
           1.73500          0.666843
           1.74000          0.649750
           1.74500          0.628903
           1.75000          0.611125
           1.75500          0.599140
           1.76000          0.588492
           1.76500          0.580601
           1.77000          0.580278
           1.77500          0.594282
           1.78000          0.611285
           1.78500          0.633880
           1.79000          0.663821
           1.79500          0.692132
           1.80000          0.709926
           1.80500          0.718888
           1.81000          0.723774
           1.81500          0.725769
           1.82000          0.726850
           1.82500          0.726134
           1.83000          0.725485
           1.83500          0.724836
           1.84000          0.722694
           1.84500          0.719453
           1.85000          0.716741
           1.85500          0.713841
           1.86000          0.709864
           1.86500          0.706608
           1.87000          0.704052
           1.87500          0.695211
           1.88000          0.684377
           1.88500          0.676585
           1.89000          0.668402
           1.89500          0.659300
           1.90000          0.652178
           1.90500          0.641032
           1.91000          0.630260
           1.91500          0.620801
           1.92000          0.612066
           1.92500          0.605313
           1.93000          0.601241
           1.93500          0.597695
           1.94000          0.595150
           1.94500          0.591100
           1.95000          0.586506
           1.95500          0.581045
           1.96000          0.577035
           1.96500          0.574165
           1.97000          0.576101
           1.97500          0.578620
           1.98000          0.579052
           1.98500          0.576035
           1.99000          0.569292
           1.99500          0.559318
           2.00000          0.548034
           2.00500          0.538340
           2.01000          0.533106
           2.01500          0.531383
           2.02000          0.533408
           2.02500          0.533647
           2.03000          0.531240
           2.03500          0.526790
           2.04000          0.522159
           2.04500          0.517842
           2.05000          0.512468
           2.05500          0.506923
           2.06000          0.502530
           2.06500          0.500860
           2.07000          0.501136
           2.07500          0.501899
           2.08000          0.502934
           2.08500          0.501253
           2.09000          0.496476
           2.09500          0.488110
           2.10000          0.477236
           2.10139          0.475365
           2.10224          0.473410
           2.10310          0.471348
           2.10395          0.468291
           2.10481          0.464153
           2.10566          0.461601
           2.10652          0.459729
           2.10737          0.457385
           2.10823          0.453846
           2.10909          0.450685
           2.10995          0.446538
           2.11080          0.441458
           2.11166          0.438019
           2.11252          0.434916
           2.11339          0.430712
           2.11425          0.426143
           2.11511          0.421563
           2.11597          0.417271
           2.11684          0.412258
           2.11770          0.408084
           2.11857          0.403704
           2.11943          0.398611
           2.12030          0.394278
           2.12117          0.388950
           2.12204          0.383641
           2.12291          0.377934
           2.12378          0.374146
           2.12465          0.368465
           2.12552          0.363118
           2.12639          0.358888
           2.12726          0.355850
           2.12813          0.353718
           2.12901          0.351005
           2.12988          0.348027
           2.13076          0.345509
           2.13163          0.343824
           2.13251          0.342648
           2.13339          0.340914
           2.13427          0.339488
           2.13515          0.335867
           2.13603          0.333361
           2.13691          0.331864
           2.13779          0.330186
           2.13867          0.328426
           2.13955          0.326088
           2.14044          0.324010
           2.14132          0.323964
           2.14220          0.320858
           2.14309          0.318774
           2.14398          0.317562
           2.14486          0.315818
           2.14575          0.314620
           2.14664          0.312772
           2.14753          0.310563
           2.14842          0.308480
           2.14931          0.306963
           2.15020          0.303680
           2.15109          0.298991
           2.15199          0.295363
           2.15288          0.291472
           2.15377          0.286712
           2.15467          0.283024
           2.15557          0.280124
           2.15646          0.277349
           2.15736          0.275913
           2.15826          0.274301
           2.15916          0.273262
           2.16006          0.273548
           2.16096          0.275345
           2.16186          0.277012
           2.16276          0.276687
           2.16366          0.275596
           2.16457          0.275448
           2.16547          0.274761
           2.16637          0.273444
           2.16728          0.272157
           2.16819          0.271480
           2.16909          0.270009
           2.17000          0.270160
           2.17091          0.271267
           2.17182          0.273028
           2.17273          0.275181
           2.17364          0.278312
           2.17455          0.279868
           2.17547          0.279960
           2.17638          0.280663
           2.17729          0.279775
           2.17821          0.276403
           2.17912          0.274179
           2.18004          0.271486
           2.18096          0.269265
           2.18188          0.268578
           2.18279          0.269629
           2.18371          0.271830
           2.18463          0.275716
           2.18555          0.279939
           2.18648          0.287069
           2.18740          0.294792
           2.18832          0.299732
           2.18925          0.302611
           2.19017          0.305128
           2.19110          0.307396
           2.19202          0.309806
           2.19295          0.313850
           2.19388          0.319165
           2.19481          0.326476
           2.19574          0.335794
           2.19667          0.344482
           2.19760          0.352953
           2.19853          0.359826
           2.19946          0.364791
           2.20040          0.367387
           2.20133          0.366922
           2.20227          0.362863
           2.20320          0.356617
           2.20414          0.348540
           2.20508          0.340804
           2.20601          0.332507
           2.20695          0.326542
           2.20789          0.323662
           2.20883          0.321012
           2.20978          0.318051
           2.21072          0.317160
           2.21166          0.319398
           2.21261          0.324549
           2.21355          0.331838
           2.21450          0.342232
           2.21544          0.354134
           2.21639          0.365810
           2.21734          0.377579
           2.21829          0.391481
           2.21924          0.404802
           2.22019          0.417508
           2.22114          0.429219
           2.22209          0.440504
           2.22304          0.452536
           2.22400          0.463001
           2.22495          0.470714
           2.22591          0.478296
           2.22686          0.484939
           2.22782          0.489837
           2.22878          0.494172
           2.22974          0.498546
           2.23070          0.501658
           2.23166          0.504965
           2.23262          0.508177
           2.23358          0.511444
           2.23454          0.513840
           2.23550          0.516233
           2.23647          0.518355
           2.23743          0.520148
           2.23840          0.520169
           2.23937          0.521345
           2.24033          0.522536
           2.24130          0.524071
           2.24227          0.525451
           2.24324          0.526091
           2.24421          0.526485
           2.24519          0.528160
           2.24616          0.529648
           2.24713          0.530014
           2.24811          0.530542
           2.24908          0.531585
           2.25006          0.531760
           2.25104          0.531687
           2.25201          0.530832
           2.25299          0.530635
           2.25397          0.530720
           2.25495          0.530773
           2.25593          0.529783
           2.25692          0.529667
           2.25790          0.530765
           2.25888          0.530900
           2.25987          0.529326
           2.26085          0.528716
           2.26184          0.528905
           2.26283          0.528523
           2.26381          0.528205
           2.26480          0.528265
           2.26579          0.527873
           2.26678          0.528035
           2.26778          0.527376
           2.26877          0.527074
           2.26976          0.526795
           2.27076          0.526645
           2.27175          0.525875
           2.27275          0.525523
           2.27374          0.525829
           2.27474          0.526239
           2.27574          0.525728
           2.27674          0.524824
           2.27774          0.523658
           2.27874          0.523367
           2.27974          0.521645
           2.28075          0.520930
           2.28175          0.520813
           2.28275          0.520737
           2.28376          0.520581
           2.28477          0.520197
           2.28577          0.518721
           2.28678          0.517724
           2.28779          0.515856
           2.28880          0.514760
           2.28981          0.514182
           2.29082          0.513542
           2.29184          0.510945
           2.29285          0.508824
           2.29387          0.507075
           2.29488          0.505192
           2.29590          0.503633
           2.29691          0.501946
           2.29793          0.499040
           2.29895          0.496728
           2.29997          0.494079
           2.30099          0.490634
           2.30201          0.486669
           2.30304          0.483324
           2.30406          0.478971
           2.30508          0.473785
           2.30611          0.468360
           2.30714          0.462316
           2.30816          0.454640
           2.30919          0.446831
           2.31022          0.438930
           2.31125          0.430537
           2.31228          0.421625
           2.31331          0.413396
           2.31435          0.405292
           2.31538          0.398466
           2.31641          0.391613
           2.31745          0.385461
           2.31849          0.380337
           2.31952          0.376921
           2.32056          0.373926
           2.32160          0.372119
           2.32264          0.371686
           2.32368          0.372974
           2.32472          0.375072
           2.32577          0.377096
           2.32681          0.380134
           2.32786          0.384641
           2.32890          0.389075
           2.32995          0.393291
           2.33100          0.396605
           2.33204          0.401082
           2.33309          0.406561
           2.33414          0.411842
           2.33520          0.416765
           2.33625          0.422349
           2.33730          0.427066
           2.33836          0.432204
           2.33941          0.436458
           2.34047          0.440620
           2.34152          0.444664
           2.34258          0.448072
           2.34364          0.450834
           2.34470          0.454267
           2.34576          0.457297
           2.34682          0.459738
           2.34789          0.461764
           2.34895          0.462740
           2.35002          0.463985
           2.35108          0.465117
           2.35215          0.465110
           2.35322          0.465936
           2.35428          0.465764
           2.35535          0.466098
           2.35643          0.466472
           2.35750          0.466721
           2.35857          0.466511
           2.35964          0.466056
           2.36072          0.464796
           2.36179          0.463830
           2.36287          0.462345
           2.36395          0.460727
           2.36503          0.458676
           2.36610          0.457124
           2.36719          0.455697
           2.36827          0.453433
           2.36935          0.450116
           2.37043          0.445696
           2.37152          0.441278
           2.37260          0.437984
           2.37369          0.434363
           2.37478          0.429354
           2.37586          0.423183
           2.37695          0.417459
           2.37804          0.412039
           2.37914          0.406391
           2.38023          0.398626
           2.38132          0.391558
           2.38242          0.384960
           2.38351          0.377400
           2.38461          0.369446
           2.38570          0.361596
           2.38680          0.354581
           2.38790          0.348339
           2.38900          0.341060
           2.39010          0.334642
           2.39121          0.329555
           2.39231          0.325030
           2.39341          0.320257
           2.39452          0.316123
           2.39563          0.313583
           2.39673          0.312200
           2.39784          0.310413
           2.39895          0.309112
           2.40006          0.307871
           2.40117          0.307215
           2.40229          0.306933
           2.40340          0.307011
           2.40452          0.306318
           2.40563          0.305737
           2.40675          0.305577
           2.40787          0.305198
           2.40898          0.303836
           2.41010          0.301598
           2.41123          0.299845
           2.41235          0.297699
           2.41347          0.295284
           2.41459          0.293214
           2.41572          0.289490
           2.41685          0.285560
           2.41797          0.282115
           2.41910          0.278567
           2.42023          0.274918
           2.42136          0.271542
           2.42249          0.268554
           2.42363          0.265298
           2.42476          0.261215
           2.42589          0.257722
           2.42703          0.254675
           2.42817          0.251573
           2.42930          0.248078
           2.43044          0.245278
           2.43158          0.243248
           2.43272          0.241575
           2.43387          0.241755
           2.43501          0.242693
           2.43615          0.244679
           2.43730          0.247156
           2.43845          0.249453
           2.43959          0.253200
           2.44074          0.257339
           2.44189          0.260187
           2.44304          0.262926
           2.44419          0.266293
           2.44535          0.268835
           2.44650          0.271308
           2.44766          0.271466
           2.44881          0.271222
           2.44997          0.271846
           2.45113          0.272480
           2.45229          0.271610
           2.45345          0.270787
           2.45461          0.270245
           2.45577          0.269044
           2.45694          0.267124
           2.45810          0.264016
           2.45927          0.260316
           2.46043          0.256800
           2.46160          0.253657
           2.46277          0.250131
           2.46394          0.246376
           2.46511          0.242952
           2.46629          0.240050
           2.46746          0.238835
           2.46864          0.238354
           2.46981          0.238219
           2.47099          0.238380
           2.47217          0.240236
           2.47335          0.243259
           2.47453          0.246344
           2.47571          0.249315
           2.47689          0.252930
           2.47808          0.256431
           2.47926          0.259635
           2.48045          0.263298
           2.48163          0.266231
           2.48282          0.268381
           2.48401          0.269327
           2.48520          0.268900
           2.48640          0.268006
           2.48759          0.265797
           2.48878          0.261997
           2.48998          0.257347
           2.49117          0.252663
           2.49237          0.247260
           2.49357          0.241481
           2.49477          0.236224
           2.49597          0.232125
           2.49717          0.228274
           2.49838          0.224392
           2.49958          0.220146
           2.50079          0.214985
           2.50200          0.209380
           2.50320          0.203822
           2.50441          0.197309
           2.50562          0.190818
           2.50683          0.184248
           2.50805          0.177795
           2.50926          0.172579
           2.51048          0.168801
           2.51169          0.165375
           2.51291          0.164098
           2.51413          0.163885
           2.51535          0.164286
           2.51657          0.165138
           2.51779          0.168007
           2.51902          0.172082
           2.52024          0.176146
           2.52147          0.180700
           2.52269          0.186171
           2.52392          0.192953
           2.52515          0.200584
           2.52638          0.207355
           2.52761          0.213147
           2.52885          0.218811
           2.53008          0.223820
           2.53132          0.227315
           2.53255          0.230634
           2.53379          0.233022
           2.53503          0.234841
           2.53627          0.236664
           2.53751          0.238645
           2.53875          0.239934
           2.54000          0.242547
           2.54124          0.245400
           2.54249          0.248637
           2.54374          0.251804
           2.54499          0.253270
           2.54624          0.254597
           2.54749          0.256796
           2.54874          0.259448
           2.54999          0.260896
           2.55125          0.261534
           2.55250          0.261551
           2.55376          0.261576
           2.55502          0.260133
           2.55628          0.257933
           2.55754          0.256723
           2.55880          0.255573
           2.56007          0.254754
           2.56133          0.254272
           2.56260          0.253161
           2.56386          0.250811
           2.56513          0.250654
           2.56640          0.250014
           2.56767          0.250017
           2.56895          0.251931
           2.57022          0.253853
           2.57150          0.253090
           2.57277          0.252042
           2.57405          0.254488
           2.57533          0.253988
           2.57661          0.252936
           2.57789          0.254392
           2.57917          0.252496
           2.58046          0.251189
           2.58174          0.251650
           2.58303          0.251386
           2.58431          0.253235
           2.58560          0.253824
           2.58689          0.252995
           2.58819          0.255751
           2.58948          0.257515
           2.59077          0.260506
           2.59207          0.263843
           2.59336          0.268958
           2.59466          0.276582
           2.59596          0.282684
           2.59726          0.280258
           2.59856          0.281913
           2.59987          0.285677
           2.60117          0.289042
           2.60248          0.291254
           2.60378          0.291976
           2.60509          0.292575
           2.60640          0.292908
           2.60771          0.289610
           2.60903          0.288508
           2.61034          0.290292
           2.61166          0.292621
           2.61297          0.295695
           2.61429          0.300604
           2.61561          0.303423
           2.61693          0.308389
           2.61825          0.311057
           2.61957          0.308629
           2.62090          0.311090
           2.62222          0.311866
           2.62355          0.309845
           2.62488          0.311927
           2.62621          0.314902
           2.62754          0.318323
           2.62887          0.317143
           2.63021          0.320222
           2.63154          0.325329
           2.63288          0.324512
           2.63421          0.325914
           2.63555          0.329104
           2.63689          0.329881
           2.63824          0.332201
           2.63958          0.333602
           2.64092          0.335828
           2.64227          0.337237
           2.64362          0.338275
           2.64497          0.337726
           2.64632          0.337668
           2.64767          0.333793
           2.64902          0.328592
           2.65038          0.323483
           2.65173          0.319249
           2.65309          0.314301
           2.65445          0.306702
           2.65581          0.299460
           2.65717          0.294326
           2.65853          0.289203
           2.65989          0.287913
           2.66126          0.284585
           2.66263          0.281216
           2.66400          0.279343
           2.66536          0.280972
           2.66674          0.280094
           2.66811          0.275388
           2.66948          0.270830
           2.67086          0.272781
           2.67223          0.268785
           2.67361          0.260845
           2.67499          0.259897
           2.67637          0.259581
           2.67776          0.258268
           2.67914          0.254527
           2.68052          0.253307
           2.68191          0.252552
           2.68330          0.253223
           2.68469          0.255414
           2.68608          0.256575
           2.68747          0.257984
           2.68887          0.258918
           2.69026          0.260167
           2.69166          0.261657
           2.69306          0.264452
           2.69446          0.266495
           2.69586          0.263995
           2.69726          0.260316
           2.69866          0.257401
           2.70007          0.254810
           2.70148          0.252731
           2.70289          0.248333
           2.70430          0.242025
           2.70571          0.237701
           2.70712          0.233836
           2.70853          0.229240
           2.70995          0.225470
           2.71137          0.221688
           2.71279          0.215244
           2.71421          0.207141
           2.71563          0.202509
           2.71705          0.197708
           2.71848          0.192891
           2.71990          0.188133
           2.72133          0.185216
           2.72276          0.177475
           2.72419          0.172128
           2.72562          0.169117
           2.72706          0.162619
           2.72849          0.158316
           2.72993          0.155688
           2.73137          0.151481
           2.73281          0.146904
           2.73425          0.143058
           2.73569          0.139211
           2.73714          0.132158
           2.73858          0.126349
           2.74003          0.122499
           2.74148          0.115699
           2.74293          0.107209
           2.74438          0.101739
           2.74583          0.098491
           2.74729          0.095570
           2.74875          0.092901
           2.75020          0.090947
           2.75166          0.088907
           2.75313          0.087237
           2.75459          0.085099
           2.75605          0.083078
           2.75752          0.077897
           2.75899          0.072967
           2.76046          0.069630
           2.76193          0.066650
           2.76340          0.063633
           2.76487          0.059359
           2.76635          0.055386
           2.76782          0.052286
           2.76930          0.049345
           2.77078          0.046876
           2.77226          0.044537
           2.77375          0.042496
           2.77523          0.040884
           2.77672          0.039437
           2.77821          0.037948
           2.77970          0.037003
           2.78119          0.036917
           2.78268          0.036505
           2.78418          0.035622
           2.78567          0.034620
           2.78717          0.033304
           2.78867          0.032765
           2.79017          0.031972
           2.79167          0.030993
           2.79318          0.030335
           2.79468          0.030079
           2.79619          0.029156
           2.79770          0.028318
           2.79921          0.027874
           2.80072          0.027437
           2.80224          0.026983
           2.80375          0.026109
           2.80527          0.024698
           2.80679          0.023661
           2.80831          0.023420
           2.80983          0.023333
           2.81135          0.022757
           2.81288          0.021692
           2.81441          0.021018
           2.81593          0.021264
           2.81746          0.020704
           2.81900          0.019596
           2.82053          0.019014
           2.82207          0.018225
           2.82360          0.017573
           2.82514          0.016825
           2.82668          0.015755
           2.82822          0.014892
           2.82977          0.014326
           2.83131          0.014390
           2.83286          0.015211
           2.83441          0.017558
           2.83596          0.021287
           2.83751          0.026440
           2.83907          0.031924
           2.84062          0.036393
           2.84218          0.038941
           2.84374          0.039390
           2.84530          0.039070
           2.84686          0.038031
           2.84843          0.035693
           2.84999          0.033484
           2.85156          0.031594
           2.85313          0.030291
           2.85470          0.031227
           2.85627          0.036328
           2.85785          0.046570
           2.85942          0.061556
           2.86100          0.079644
           2.86258          0.096994
           2.86416          0.109759
           2.86575          0.116014
           2.86733          0.116282
           2.86892          0.111133
           2.87051          0.101851
           2.87210          0.091183
           2.87369          0.081487
           2.87528          0.073717
           2.87688          0.068051
           2.87848          0.063844
           2.88007          0.060203
           2.88168          0.057047
           2.88328          0.054278
           2.88488          0.052262
           2.88649          0.050388
           2.88810          0.048399
           2.88971          0.046776
           2.89132          0.045952
           2.89293          0.045352
           2.89455          0.044878
           2.89616          0.044133
           2.89778          0.042847
           2.89940          0.042071
           2.90103          0.041813
           2.90265          0.041321
           2.90428          0.040593
           2.90591          0.039940
           2.90754          0.039718
           2.90917          0.039522
           2.91080          0.039754
           2.91244          0.039912
           2.91407          0.039642
           2.91571          0.038994
           2.91735          0.038380
           2.91899          0.038461
           2.92064          0.038868
           2.92229          0.038657
           2.92393          0.038189
           2.92558          0.037972
           2.92724          0.037869
           2.92889          0.037819
           2.93055          0.037870
           2.93220          0.037740
           2.93386          0.037529
           2.93552          0.037555
           2.93719          0.036981
           2.93885          0.036861
           2.94052          0.036885
           2.94219          0.036899
           2.94386          0.036967
           2.94553          0.036846
           2.94721          0.036858
           2.94888          0.036814
           2.95056          0.036969
           2.95224          0.037283
           2.95392          0.037111
           2.95561          0.037016
           2.95729          0.037113
           2.95898          0.037324
           2.96067          0.037395
           2.96236          0.037614
           2.96406          0.037782
           2.96575          0.037635
           2.96745          0.037541
           2.96915          0.037394
           2.97085          0.037412
           2.97255          0.037934
           2.97426          0.037838
           2.97597          0.037848
           2.97768          0.037807
           2.97939          0.037896
           2.98110          0.038338
           2.98282          0.038880
           2.98453          0.039161
           2.98625          0.039041
           2.98797          0.038960
           2.98970          0.039097
           2.99142          0.039246
           2.99315          0.039376
           2.99488          0.039906
           2.99661          0.040471
           2.99834          0.040494
           3.00008          0.040301
           3.00182          0.040655
           3.00355          0.040883
           3.00530          0.040615
           3.00704          0.040307
           3.00878          0.040406
           3.01053          0.040262
           3.01228          0.040044
           3.01403          0.040213
           3.01579          0.040538
           3.01754          0.040814
           3.01930          0.040983
           3.02106          0.041204
           3.02282          0.041554
           3.02458          0.041748
           3.02635          0.041959
           3.02812          0.042199
           3.02989          0.042118
           3.03166          0.042323
           3.03343          0.042830
           3.03521          0.042720
           3.03699          0.042797
           3.03877          0.042809
           3.04055          0.042846
           3.04233          0.042735
           3.04412          0.042846
           3.04591          0.043058
           3.04770          0.043051
           3.04949          0.042953
           3.05129          0.042856
           3.05308          0.042756
           3.05488          0.042635
           3.05668          0.042383
           3.05849          0.042077
           3.06029          0.042261
           3.06210          0.042405
           3.06391          0.042622
           3.06572          0.042805
           3.06754          0.042915
           3.06935          0.042826
           3.07117          0.042897
           3.07299          0.042597
           3.07481          0.042338
           3.07664          0.042651
           3.07847          0.042918
           3.08029          0.042800
           3.08213          0.042644
           3.08396          0.042729
           3.08579          0.042925
           3.08763          0.043040
           3.08947          0.043337
           3.09131          0.043597
           3.09316          0.043758
           3.09501          0.043919
           3.09685          0.044467
           3.09871          0.044994
           3.10056          0.045332
           3.10241          0.045713
           3.10427          0.046186
           3.10613          0.046729
           3.10799          0.047100
           3.10986          0.047440
           3.11173          0.047778
           3.11359          0.047853
           3.11547          0.047831
           3.11734          0.047619
           3.11921          0.047368
           3.12109          0.047415
           3.12297          0.047382
           3.12486          0.047420
           3.12674          0.047584
           3.12863          0.047645
           3.13052          0.047743
           3.13241          0.048023
           3.13430          0.048319
           3.13620          0.048753
           3.13810          0.049170
           3.14000          0.049565
           3.14190          0.049998
           3.14381          0.050517
           3.14571          0.050642
           3.14762          0.050687
           3.14954          0.050690
           3.15145          0.050758
           3.15337          0.050982
           3.15529          0.051109
           3.15721          0.051088
           3.15913          0.051363
           3.16106          0.051644
           3.16299          0.051915
           3.16492          0.052167
           3.16685          0.052421
           3.16879          0.052524
           3.17072          0.052621
           3.17267          0.052797
           3.17461          0.053051
           3.17655          0.053549
           3.17850          0.054062
           3.18045          0.053924
           3.18240          0.054077
           3.18436          0.054556
           3.18632          0.054730
           3.18827          0.054798
           3.19024          0.054874
           3.19220          0.055079
           3.19417          0.055486
           3.19614          0.055687
           3.19811          0.055722
           3.20008          0.055967
           3.20206          0.056346
           3.20404          0.056652
           3.20602          0.056400
           3.20800          0.056267
           3.20999          0.056610
           3.21198          0.056582
           3.21397          0.056772
           3.21596          0.057164
           3.21796          0.057219
           3.21996          0.057199
           3.22196          0.057505
           3.22396          0.057858
           3.22597          0.057931
           3.22798          0.057903
           3.22999          0.058136
           3.23200          0.058453
           3.23402          0.058617
           3.23604          0.058907
           3.23806          0.059043
           3.24008          0.059253
           3.24211          0.059686
           3.24414          0.059925
           3.24617          0.059960
           3.24820          0.060024
           3.25024          0.060352
           3.25228          0.060764
           3.25432          0.061069
           3.25637          0.060984
           3.25841          0.061026
           3.26046          0.061293
           3.26251          0.061287
           3.26457          0.061410
           3.26663          0.061851
           3.26869          0.062223
           3.27075          0.062390
           3.27281          0.062496
           3.27488          0.062640
           3.27695          0.062777
           3.27902          0.063091
           3.28110          0.063416
           3.28318          0.063663
           3.28526          0.063972
           3.28734          0.064139
           3.28943          0.064363
           3.29151          0.064517
           3.29361          0.064418
           3.29570          0.064488
           3.29780          0.064699
           3.29990          0.064729
           3.30200          0.064811
           3.30410          0.065273
           3.30621          0.065622
           3.30832          0.065924
           3.31043          0.066193
           3.31255          0.066208
           3.31466          0.066566
           3.31679          0.067151
           3.31891          0.067398
           3.32103          0.067638
           3.32316          0.067907
           3.32529          0.068057
           3.32743          0.068195
           3.32957          0.068494
           3.33171          0.068639
           3.33385          0.068843
           3.33599          0.069288
           3.33814          0.069577
           3.34029          0.070014
           3.34245          0.070456
           3.34460          0.070712
           3.34676          0.070969
           3.34892          0.071318
           3.35109          0.071916
           3.35326          0.072325
           3.35543          0.072638
           3.35760          0.073151
           3.35978          0.073759
           3.36196          0.074268
           3.36414          0.074676
           3.36632          0.075146
           3.36851          0.075806
           3.37070          0.076069
           3.37289          0.076468
           3.37509          0.077001
           3.37729          0.077517
           3.37949          0.077892
           3.38169          0.078240
           3.38390          0.078545
           3.38611          0.078902
           3.38832          0.079163
           3.39054          0.079517
           3.39276          0.079958
           3.39498          0.080286
           3.39721          0.080566
           3.39943          0.081056
           3.40166          0.081310
           3.40390          0.081328
           3.40613          0.081726
           3.40837          0.082325
           3.41061          0.082529
           3.41286          0.082741
           3.41511          0.083142
           3.41736          0.083476
           3.41961          0.084103
           3.42187          0.084820
           3.42413          0.085284
           3.42639          0.085816
           3.42866          0.086365
           3.43093          0.086948
           3.43320          0.087505
           3.43548          0.088073
           3.43776          0.088861
           3.44004          0.089499
           3.44232          0.089903
           3.44461          0.090458
           3.44690          0.091152
           3.44919          0.091682
           3.45149          0.092242
           3.45379          0.093108
           3.45609          0.093747
           3.45840          0.094251
           3.46070          0.094794
           3.46302          0.095081
           3.46533          0.095713
           3.46765          0.096493
           3.46997          0.096996
           3.47229          0.097500
           3.47462          0.098016
           3.47695          0.098464
           3.47929          0.098956
           3.48162          0.099457
           3.48396          0.100149
           3.48630          0.100741
           3.48865          0.101440
           3.49100          0.101880
           3.49335          0.102316
           3.49571          0.102871
           3.49807          0.103394
           3.50043          0.104174
           3.50279          0.104895
           3.50516          0.105243
           3.50753          0.105712
           3.50991          0.106427
           3.51229          0.106890
           3.51467          0.107520
           3.51705          0.108452
           3.51944          0.109117
           3.52183          0.109571
           3.52423          0.109999
           3.52662          0.110655
           3.52902          0.111540
           3.53143          0.112409
           3.53383          0.113156
           3.53624          0.113792
           3.53866          0.114478
           3.54108          0.115146
           3.54350          0.115714
           3.54592          0.116547
           3.54835          0.117546
           3.55078          0.118161
           3.55321          0.118794
           3.55565          0.119657
           3.55809          0.120548
           3.56053          0.121160
           3.56298          0.121896
           3.56543          0.122669
           3.56788          0.123316
           3.57034          0.123994
           3.57280          0.124857
           3.57527          0.125723
           3.57773          0.126692
           3.58020          0.127469
           3.58268          0.128178
           3.58516          0.129085
           3.58764          0.130005
           3.59012          0.130823
           3.59261          0.131605
           3.59510          0.132300
           3.59760          0.133371
           3.60009          0.134555
           3.60260          0.135527
           3.60510          0.136222
           3.60761          0.137017
           3.61012          0.137884
           3.61264          0.138786
           3.61516          0.139797
           3.61768          0.140635
           3.62021          0.141402
           3.62274          0.142524
           3.62527          0.143417
           3.62781          0.144065
           3.63035          0.144932
           3.63289          0.145934
           3.63544          0.146915
           3.63799          0.147839
           3.64054          0.148618
           3.64310          0.149423
           3.64566          0.150294
           3.64823          0.151134
           3.65080          0.151961
           3.65337          0.152795
           3.65595          0.153605
           3.65853          0.154396
           3.66111          0.155195
           3.66370          0.155936
           3.66629          0.156567
           3.66889          0.157348
           3.67148          0.158031
           3.67409          0.158767
           3.67669          0.159561
           3.67930          0.160518
           3.68191          0.161268
           3.68453          0.162006
           3.68715          0.162871
           3.68978          0.163689
           3.69240          0.164383
           3.69504          0.165199
           3.69767          0.166034
           3.70031          0.167183
           3.70295          0.168200
           3.70560          0.168994
           3.70825          0.170002
           3.71091          0.171039
           3.71356          0.171842
           3.71623          0.172577
           3.71889          0.173565
           3.72156          0.174605
           3.72423          0.175418
           3.72691          0.176081
           3.72959          0.176953
           3.73228          0.177911
           3.73497          0.178624
           3.73766          0.179505
           3.74036          0.180270
           3.74306          0.181038
           3.74576          0.181720
           3.74847          0.182512
           3.75118          0.183396
           3.75390          0.184275
           3.75662          0.184984
           3.75934          0.185752
           3.76207          0.186528
           3.76480          0.187246
           3.76754          0.187885
           3.77028          0.188553
           3.77302          0.189088
           3.77577          0.189759
           3.77852          0.190595
           3.78128          0.191172
           3.78404          0.191763
           3.78680          0.192475
           3.78957          0.192979
           3.79234          0.193680
           3.79512          0.194329
           3.79790          0.194728
           3.80069          0.195107
           3.80347          0.195631
           3.80627          0.196193
           3.80906          0.196782
           3.81186          0.197008
           3.81467          0.197374
           3.81748          0.197898
           3.82029          0.198233
           3.82311          0.198408
           3.82593          0.198791
           3.82876          0.199278
           3.83159          0.199606
           3.83442          0.199824
           3.83726          0.200210
           3.84010          0.200294
           3.84295          0.200344
           3.84580          0.200464
           3.84865          0.200603
           3.85151          0.200581
           3.85438          0.200292
           3.85724          0.199818
           3.86012          0.199052
           3.86299          0.197716
           3.86587          0.195352
           3.86876          0.191628
           3.87165          0.188140
           3.87454          0.187670
           3.87744          0.190853
           3.88034          0.194884
           3.88325          0.197707
           3.88616          0.199551
           3.88907          0.200884
           3.89199          0.201572
           3.89492          0.202079
           3.89785          0.202351
           3.90078          0.202436
           3.90372          0.202647
           3.90666          0.202881
           3.90960          0.202732
           3.91255          0.202645
           3.91551          0.202680
           3.91847          0.202545
           3.92143          0.202425
           3.92440          0.202304
           3.92738          0.202167
           3.93035          0.202238
           3.93333          0.202015
           3.93632          0.201816
           3.93931          0.201666
           3.94231          0.201569
           3.94531          0.201525
           3.94831          0.201419
           3.95132          0.201156
           3.95434          0.200959
           3.95735          0.200951
           3.96038          0.200776
           3.96341          0.200391
           3.96644          0.200186
           3.96948          0.199987
           3.97252          0.199773
           3.97556          0.199518
           3.97861          0.199103
           3.98167          0.198672
           3.98473          0.198510
           3.98780          0.198338
           3.99087          0.197931
           3.99394          0.197670
           3.99702          0.197356
           4.00010          0.196869
           4.00319          0.196434
           4.00629          0.196026
           4.00939          0.195577
           4.01249          0.195019
           4.01560          0.194509
           4.01871          0.193996
           4.02183          0.193519
           4.02495          0.192982
           4.02808          0.192426
           4.03121          0.191664
           4.03435          0.190996
           4.03749          0.190264
           4.04064          0.189495
           4.04379          0.188647
           4.04694          0.187893
           4.05011          0.187126
           4.05327          0.186156
           4.05644          0.185341
           4.05962          0.184618
           4.06280          0.183668
           4.06599          0.182623
           4.06918          0.181761
           4.07238          0.180996
           4.07558          0.179887
           4.07878          0.178917
           4.08200          0.178245
           4.08521          0.177747
           4.08843          0.177015
           4.09166          0.176373
           4.09489          0.175759
           4.09813          0.175166
           4.10137          0.174692
           4.10462          0.174208
           4.10787          0.173649
           4.11113          0.173125
           4.11439          0.172386
           4.11766          0.171725
           4.12093          0.171296
           4.12421          0.170799
           4.12750          0.170136
           4.13079          0.169641
           4.13408          0.169109
           4.13738          0.168693
           4.14068          0.168322
           4.14399          0.168041
           4.14731          0.167857
           4.15063          0.167854
           4.15395          0.167842
           4.15729          0.167962
           4.16062          0.168203
           4.16396          0.168561
           4.16731          0.168933
           4.17066          0.169316
           4.17402          0.169585
           4.17739          0.169642
           4.18075          0.169439
           4.18413          0.169363
           4.18751          0.169113
           4.19089          0.168668
           4.19428          0.168080
           4.19768          0.167614
           4.20108          0.166982
           4.20449          0.166372
           4.20790          0.165812
           4.21132          0.165082
           4.21474          0.164239
           4.21817          0.163213
           4.22161          0.161893
           4.22505          0.160281
           4.22850          0.158411
           4.23195          0.156605
           4.23540          0.154582
           4.23887          0.152432
           4.24234          0.150282
           4.24581          0.148205
           4.24929          0.146190
           4.25278          0.144443
           4.25627          0.142800
           4.25977          0.141385
           4.26327          0.139972
           4.26678          0.138413
           4.27029          0.136875
           4.27381          0.135343
           4.27734          0.133905
           4.28087          0.132610
           4.28441          0.131450
           4.28795          0.130369
           4.29150          0.129109
           4.29506          0.127843
           4.29862          0.126647
           4.30219          0.125537
           4.30576          0.124072
           4.30934          0.122172
           4.31292          0.119698
           4.31652          0.117032
           4.32011          0.113804
           4.32372          0.110169
           4.32732          0.106298
           4.33094          0.102355
           4.33456          0.098456
           4.33819          0.095147
           4.34182          0.092207
           4.34546          0.089802
           4.34911          0.087768
           4.35276          0.086156
           4.35642          0.084719
           4.36008          0.083585
           4.36375          0.082687
           4.36743          0.081973
           4.37111          0.081451
           4.37480          0.081099
           4.37849          0.080854
           4.38219          0.081097
           4.38590          0.081688
           4.38961          0.082471
           4.39333          0.083213
           4.39706          0.084062
           4.40079          0.084800
           4.40453          0.085535
           4.40828          0.086107
           4.41203          0.086339
           4.41579          0.086203
           4.41955          0.085920
           4.42332          0.085363
           4.42710          0.084663
           4.43088          0.083676
           4.43468          0.082561
           4.43847          0.081552
           4.44228          0.080514
           4.44608          0.079614
           4.44990          0.078979
           4.45372          0.078278
           4.45755          0.077657
           4.46139          0.077063
           4.46523          0.076409
           4.46908          0.075858
           4.47294          0.075351
           4.47680          0.074619
           4.48067          0.073538
           4.48455          0.072376
           4.48843          0.071342
           4.49232          0.070222
           4.49621          0.069089
           4.50012          0.068285
           4.50403          0.068027
           4.50794          0.068131
           4.51187          0.068388
           4.51580          0.068632
           4.51973          0.068963
           4.52368          0.069138
           4.52763          0.069296
           4.53159          0.069436
           4.53555          0.069375
           4.53952          0.068969
           4.54350          0.068437
           4.54749          0.067875
           4.55148          0.067280
           4.55548          0.066695
           4.55949          0.066310
           4.56350          0.065719
           4.56752          0.065203
           4.57155          0.064679
           4.57558          0.063741
           4.57963          0.062488
           4.58367          0.061061
           4.58773          0.059394
           4.59179          0.058023
           4.59586          0.057109
           4.59994          0.056632
           4.60403          0.056769
           4.60812          0.057575
           4.61222          0.058600
           4.61633          0.059812
           4.62044          0.061255
           4.62456          0.062772
           4.62869          0.064328
           4.63283          0.065804
           4.63697          0.067299
           4.64112          0.069372
           4.64528          0.071748
           4.64945          0.074145
           4.65362          0.076767
           4.65780          0.079589
           4.66199          0.081991
           4.66619          0.083468
           4.67039          0.083666
           4.67460          0.083004
           4.67882          0.081896
           4.68305          0.080998
           4.68728          0.080364
           4.69152          0.079958
           4.69577          0.079568
           4.70003          0.078955
           4.70430          0.078194
           4.70857          0.077514
           4.71285          0.076708
           4.71714          0.075622
           4.72143          0.074267
           4.72574          0.072944
           4.73005          0.071695
           4.73437          0.071007
           4.73870          0.071341
           4.74303          0.073148
           4.74738          0.076406
           4.75173          0.080912
           4.75609          0.086523
           4.76045          0.093146
           4.76483          0.100697
           4.76921          0.109413
           4.77360          0.119556
           4.77800          0.131532
           4.78241          0.145009
           4.78683          0.159258
           4.79125          0.172765
           4.79568          0.184982
           4.80013          0.195593
           4.80457          0.204669
           4.80903          0.212228
           4.81350          0.218515
           4.81797          0.223624
           4.82245          0.228006
           4.82694          0.230995
           4.83144          0.232407
           4.83595          0.231958
           4.84046          0.229572
           4.84499          0.225399
           4.84952          0.221040
           4.85406          0.218594
           4.85861          0.220088
           4.86317          0.225695
           4.86773          0.234490
           4.87231          0.243683
           4.87689          0.251365
           4.88148          0.256446
           4.88608          0.259498
           4.89069          0.262768
           4.89531          0.268348
           4.89994          0.275354
           4.90457          0.282368
           4.90922          0.288283
           4.91387          0.293474
           4.91853          0.298015
           4.92321          0.302126
           4.92788          0.305564
           4.93257          0.308761
           4.93727          0.311453
           4.94198          0.313923
           4.94669          0.316206
           4.95142          0.318464
           4.95615          0.320351
           4.96090          0.322023
           4.96565          0.323337
           4.97041          0.324623
           4.97518          0.325571
           4.97996          0.326462
           4.98475          0.327251
           4.98954          0.328255
           4.99435          0.329128
           4.99917          0.330134
           5.00399          0.330954
           5.00883          0.331773
           5.01367          0.332298
           5.01852          0.333068
           5.02339          0.333737
           5.02826          0.334053
           5.03314          0.334338
           5.03803          0.334791
           5.04293          0.334921
           5.04784          0.335207
           5.05276          0.335287
           5.05769          0.335503
           5.06263          0.335486
           5.06758          0.335406
           5.07254          0.335184
           5.07751          0.335135
           5.08249          0.334870
           5.08747          0.334707
           5.09247          0.334276
           5.09748          0.334097
           5.10250          0.333681
           5.10752          0.333312
           5.11256          0.332658
           5.11761          0.332359
           5.12266          0.331961
           5.12773          0.331647
           5.13281          0.331185
           5.13789          0.330857
           5.14299          0.330288
           5.14810          0.329978
           5.15322          0.329476
           5.15834          0.328615
           5.16348          0.328036
           5.16863          0.327599
           5.17379          0.327098
           5.17896          0.326899
           5.18413          0.326491
           5.18932          0.326350
           5.19452          0.326113
           5.19973          0.326099
           5.20496          0.325921
           5.21019          0.325697
           5.21543          0.326129
           5.22068          0.325832
           5.22594          0.325054
           5.23122          0.324941
           5.23650          0.324637
           5.24179          0.324362
           5.24710          0.323469
           5.25242          0.322794
           5.25774          0.322080
           5.26308          0.321262
           5.26843          0.320224
           5.27379          0.319401
           5.27916          0.318453
           5.28454          0.317398
           5.28993          0.316320
           5.29534          0.315842
           5.30075          0.314526
           5.30618          0.313595
           5.31161          0.312789
           5.31706          0.312261
           5.32252          0.311539
           5.32799          0.310950
           5.33347          0.310466
           5.33896          0.310222
           5.34447          0.309768
           5.34998          0.310109
           5.35551          0.310047
           5.36105          0.309097
           5.36660          0.308442
           5.37216          0.308105
           5.37773          0.307654
           5.38332          0.307074
           5.38891          0.306370
           5.39452          0.305743
           5.40014          0.304830
           5.40577          0.303722
           5.41141          0.302553
           5.41707          0.301247
           5.42274          0.300314
           5.42841          0.298340
           5.43410          0.294769
           5.43981          0.292641
           5.44552          0.290087
           5.45125          0.287269
           5.45698          0.284055
           5.46273          0.281205
           5.46850          0.278022
           5.47427          0.273487
           5.48006          0.269785
           5.48586          0.266070
           5.49167          0.261686
           5.49749          0.258460
           5.50333          0.255179
           5.50918          0.252176
           5.51504          0.249330
           5.52091          0.247442
           5.52680          0.245526
           5.53269          0.243652
           5.53861          0.241861
           5.54453          0.240695
           5.55047          0.239594
           5.55641          0.238826
           5.56238          0.237595
           5.56835          0.236743
           5.57434          0.236086
           5.58034          0.236243
           5.58635          0.235108
           5.59238          0.233512
           5.59842          0.232835
           5.60447          0.232624
           5.61054          0.231690
           5.61661          0.231157
           5.62271          0.230366
           5.62881          0.229293
           5.63493          0.228379
           5.64106          0.227990
           5.64721          0.227032
           5.65336          0.224210
           5.65954          0.222239
           5.66572          0.219974
           5.67192          0.218201
           5.67813          0.217390
           5.68436          0.215142
           5.69060          0.213413
           5.69685          0.212357
           5.70312          0.210478
           5.70940          0.209520
           5.71569          0.208515
           5.72200          0.206203
           5.72833          0.204300
           5.73466          0.202150
           5.74101          0.200322
           5.74738          0.198202
           5.75376          0.196301
           5.76015          0.193181
           5.76656          0.192517
           5.77298          0.190185
           5.77941          0.185824
           5.78586          0.183479
           5.79233          0.180810
           5.79881          0.177827
           5.80530          0.175079
           5.81181          0.171859
           5.81833          0.169607
           5.82487          0.167537
           5.83142          0.163483
           5.83799          0.159117
           5.84457          0.155342
           5.85117          0.151860
           5.85778          0.148469
           5.86441          0.144873
           5.87105          0.140570
           5.87770          0.136500
           5.88438          0.134069
           5.89106          0.127138
           5.89776          0.122570
           5.90448          0.117294
           5.91121          0.111912
           5.91796          0.109608
           5.92473          0.107560
           5.93150          0.105848
           5.93830          0.105425
           5.94511          0.103907
           5.95193          0.102194
           5.95878          0.101982
           5.96563          0.101720
           5.97251          0.101936
           5.97939          0.101008
           5.98630          0.100579
           5.99322          0.100614
           6.00016          0.099587
           6.00711          0.098435
           6.01408          0.097925
           6.02106          0.097050
           6.02806          0.095795
           6.03508          0.094863
           6.04212          0.094145
           6.04917          0.094517
           6.05623          0.093489
           6.06332          0.090735
           6.07042          0.090750
           6.07753          0.090733
           6.08467          0.089669
           6.09182          0.089144
           6.09898          0.089379
           6.10617          0.089544
           6.11337          0.090376
           6.12058          0.090777
           6.12782          0.090156
           6.13507          0.090530
           6.14234          0.091524
           6.14963          0.092411
           6.15693          0.093199
           6.16425          0.094289
           6.17159          0.095071
           6.17895          0.096155
           6.18632          0.098110
           6.19371          0.099422
           6.20112          0.100204
           6.20854          0.101743
           6.21599          0.103275
           6.22345          0.104666
           6.23093          0.105976
           6.23843          0.107297
           6.24595          0.108439
           6.25348          0.109409
           6.26103          0.110257
           6.26860          0.110982
           6.27619          0.111584
           6.28380          0.111845
           6.29143          0.112008
           6.29907          0.112220
           6.30673          0.112456
           6.31442          0.112740
           6.32212          0.113011
           6.32984          0.113449
           6.33757          0.114088
           6.34533          0.115205
           6.35311          0.115542
           6.36090          0.115132
           6.36872          0.116218
           6.37655          0.117448
           6.38440          0.117750
           6.39227          0.118662
           6.40017          0.120045
           6.40808          0.121682
           6.41601          0.124636
           6.42396          0.125121
           6.43193          0.124349
           6.43992          0.125069
           6.44793          0.125060
           6.45596          0.125297
           6.46401          0.124799
           6.47208          0.124254
           6.48017          0.123756
           6.48828          0.123237
           6.49641          0.123023
           6.50456          0.120694
           6.51273          0.118163
           6.52092          0.117575
           6.52914          0.115942
           6.53737          0.113131
           6.54563          0.111364
           6.55390          0.109515
           6.56220          0.107288
           6.57051          0.105332
           6.57885          0.103524
           6.58721          0.100556
           6.59559          0.098901
           6.60399          0.097122
           6.61242          0.095423
           6.62086          0.094342
           6.62933          0.093490
           6.63782          0.093536
           6.64633          0.092198
           6.65486          0.089487
           6.66341          0.088260
           6.67199          0.087546
           6.68059          0.086519
           6.68921          0.084991
           6.69785          0.082942
           6.70651          0.081870
           6.71520          0.081045
           6.72391          0.079734
           6.73264          0.078407
           6.74140          0.077288
           6.75018          0.076626
           6.75898          0.076172
           6.76780          0.075739
           6.77665          0.075748
           6.78552          0.075906
           6.79441          0.076296
           6.80333          0.075999
           6.81227          0.075914
           6.82123          0.076524
           6.83022          0.077271
           6.83923          0.077538
           6.84826          0.077875
           6.85732          0.078721
           6.86640          0.079632
           6.87551          0.079167
           6.88464          0.078540
           6.89380          0.078551
           6.90298          0.078126
           6.91218          0.077520
           6.92141          0.076518
           6.93066          0.075751
           6.93994          0.074930
           6.94924          0.074138
           6.95857          0.073640
           6.96792          0.072833
           6.97730          0.071210
           6.98670          0.070356
           6.99613          0.069563
           7.00559          0.068752
           7.01507          0.068209
           7.02457          0.067967
           7.03410          0.067737
           7.04366          0.067945
           7.05325          0.068438
           7.06285          0.068388
           7.07249          0.068622
           7.08215          0.069126
           7.09184          0.069841
           7.10155          0.070424
           7.11130          0.071139
           7.12106          0.071731
           7.13086          0.072147
           7.14068          0.072565
           7.15053          0.072903
           7.16041          0.072686
           7.17031          0.072586
           7.18024          0.072363
           7.19020          0.071807
           7.20019          0.071596
           7.21020          0.071279
           7.22024          0.070466
           7.23031          0.069589
           7.24041          0.068966
           7.25054          0.068139
           7.26069          0.067114
           7.27088          0.066121
           7.28109          0.065241
           7.29133          0.063909
           7.30160          0.062696
           7.31190          0.061743
           7.32222          0.060720
           7.33258          0.059921
           7.34297          0.059104
           7.35338          0.057972
           7.36383          0.056942
           7.37430          0.055802
           7.38481          0.054256
           7.39534          0.052412
           7.40591          0.050481
           7.41650          0.048498
           7.42713          0.046336
           7.43778          0.044177
           7.44847          0.042009
           7.45919          0.040020
           7.46994          0.038163
           7.48071          0.036219
           7.49152          0.034474
           7.50237          0.033049
           7.51324          0.031793
           7.52414          0.030952
           7.53508          0.030249
           7.54605          0.029771
           7.55705          0.029283
           7.56808          0.028796
           7.57915          0.028474
           7.59024          0.028553
           7.60137          0.028860
           7.61253          0.029667
           7.62373          0.030984
           7.63496          0.032856
           7.64622          0.035513
           7.65751          0.039030
           7.66884          0.043128
           7.68020          0.047810
           7.69159          0.053116
           7.70302          0.059207
           7.71449          0.065947
           7.72598          0.073076
           7.73752          0.080437
           7.74908          0.088037
           7.76068          0.095648
           7.77232          0.102871
           7.78399          0.109315
           7.79569          0.114750
           7.80743          0.119048
           7.81921          0.121875
           7.83102          0.123179
           7.84287          0.123193
           7.85475          0.122021
           7.86667          0.120083
           7.87862          0.118047
           7.89062          0.115721
           7.90264          0.113200
           7.91471          0.110582
           7.92681          0.107869
           7.93895          0.105051
           7.95113          0.101959
           7.96334          0.098730
           7.97559          0.095368
           7.98788          0.091866
           8.00021          0.088424
           8.01257          0.085135
           8.02498          0.081823
           8.03742          0.078867
           8.04990          0.076345
           8.06242          0.074059
           8.07498          0.071865
           8.08757          0.069906
           8.10021          0.068259
           8.11289          0.067075
           8.12560          0.066337
           8.13836          0.065915
           8.15116          0.065478
           8.16399          0.065241
           8.17687          0.065434
           8.18979          0.065886
           8.20275          0.066654
           8.21575          0.067804
           8.22879          0.069225
           8.24187          0.070971
           8.25499          0.073126
           8.26816          0.075876
           8.28137          0.079183
           8.29462          0.082849
           8.30791          0.086912
           8.32124          0.091488
           8.33462          0.096486
           8.34804          0.101883
           8.36151          0.107842
           8.37502          0.114653
           8.38857          0.122022
           8.40216          0.129721
           8.41580          0.138001
           8.42949          0.146863
           8.44322          0.156281
           8.45699          0.166530
           8.47081          0.178184
           8.48467          0.191351
           8.49858          0.206497
           8.51254          0.223809
           8.52654          0.243355
           8.54058          0.264209
           8.55468          0.285315
           8.56882          0.304219
           8.58300          0.318005
           8.59724          0.322855
           8.61152          0.315197
           8.62585          0.291384
           8.64023          0.256972
           8.65465          0.231059
           8.66912          0.229105
           8.68364          0.245585
           8.69821          0.267447
           8.71283          0.287207
           8.72750          0.303418
           8.74222          0.316546
           8.75699          0.327651
           8.77180          0.336635
           8.78667          0.344213
           8.80159          0.350551
           8.81656          0.355932
           8.83158          0.360304
           8.84665          0.364577
           8.86177          0.368516
           8.87694          0.372344
           8.89217          0.375569
           8.90745          0.378698
           8.92278          0.381479
           8.93816          0.383911
           8.95360          0.385660
           8.96909          0.387338
           8.98464          0.388273
           9.00023          0.388551
           9.01589          0.388120
           9.03159          0.387347
           9.04736          0.386020
           9.06317          0.384913
           9.07905          0.383460
           9.09497          0.382062
           9.11096          0.380510
           9.12700          0.378875
           9.14310          0.377061
           9.15925          0.375332
           9.17546          0.373057
           9.19173          0.370668
           9.20806          0.367639
           9.22444          0.364003
           9.24088          0.359189
           9.25738          0.353747
           9.27394          0.346873
           9.29056          0.337897
           9.30724          0.325747
           9.32398          0.309496
           9.34078          0.287105
           9.35764          0.259867
           9.37457          0.232636
           9.39155          0.209666
           9.40859          0.191115
           9.42570          0.176373
           9.44287          0.164725
           9.46010          0.155222
           9.47740          0.147217
           9.49475          0.140250
           9.51217          0.134086
           9.52966          0.128462
           9.54721          0.123302
           9.56483          0.118667
           9.58250          0.114507
           9.60025          0.110537
           9.61806          0.106696
           9.63594          0.103015
           9.65388          0.099344
           9.67189          0.095954
           9.68997          0.094400
           9.70812          0.099422
           9.72633          0.114317
           9.74462          0.129593
           9.76297          0.132026
           9.78139          0.122831
           9.79988          0.112022
           9.81844          0.104828
           9.83707          0.100151
           9.85577          0.097029
           9.87454          0.094741
           9.89339          0.093027
           9.91230          0.091785
           9.93129          0.090528
           9.95036          0.089327
           9.96949          0.088518
           9.98870          0.088061
          10.00798          0.087744
          10.02734          0.087317
          10.04677          0.086698
          10.06628          0.086168
          10.08587          0.085819
          10.10553          0.085442
          10.12526          0.085019
          10.14508          0.084666
          10.16497          0.084282
          10.18494          0.083815
          10.20499          0.083558
          10.22512          0.083523
          10.24533          0.083836
          10.26561          0.084275
          10.28598          0.084542
          10.30643          0.084835
          10.32696          0.085315
          10.34757          0.085327
          10.36827          0.085088
          10.38905          0.085063
          10.40991          0.085014
          10.43086          0.084759
          10.45188          0.084393
          10.47300          0.083834
          10.49420          0.083277
          10.51549          0.082676
          10.53686          0.082240
          10.55832          0.081865
          10.57987          0.081338
          10.60150          0.081070
          10.62323          0.080971
          10.64504          0.080822
          10.66694          0.080553
          10.68894          0.080364
          10.71102          0.080236
          10.73320          0.079855
          10.75547          0.079403
          10.77783          0.078862
          10.80028          0.078133
          10.82283          0.077452
          10.84547          0.076803
          10.86821          0.075999
          10.89104          0.074988
          10.91397          0.074216
          10.93699          0.073609
          10.96012          0.072774
          10.98334          0.071847
          11.00666          0.070987
          11.03007          0.070031
          11.05359          0.069164
          11.07721          0.068499
          11.10093          0.068069
          11.12475          0.067640
          11.14868          0.066938
          11.17271          0.066505
          11.19684          0.066222
          11.22107          0.065799
          11.24541          0.065470
          11.26986          0.065177
          11.29441          0.064867
          11.31907          0.064732
          11.34384          0.064860
          11.36872          0.065221
          11.39370          0.065816
          11.41880          0.066238
          11.44401          0.066197
          11.46933          0.066056
          11.49476          0.065722
          11.52030          0.065308
          11.54596          0.064731
          11.57173          0.064043
          11.59762          0.063419
          11.62362          0.062816
          11.64974          0.062314
          11.67598          0.061734
          11.70234          0.061099
          11.72881          0.060452
          11.75541          0.059922
          11.78213          0.059157
          11.80896          0.058263
          11.83592          0.057296
          11.86301          0.056048
          11.89022          0.054815
          11.91755          0.053733
          11.94501          0.052776
          11.97260          0.051721
          12.00031          0.050467
          12.02816          0.049107
          12.05613          0.048026
          12.08423          0.046940
          12.11246          0.045676
          12.14083          0.044538
          12.16933          0.043152
          12.19796          0.041705
          12.22673          0.040228
          12.25564          0.038886
          12.28468          0.037708
          12.31386          0.036346
          12.34318          0.035040
          12.37264          0.033867
          12.40224          0.032411
          12.43198          0.031236
          12.46186          0.030578
          12.49189          0.029918
          12.52207          0.029103
          12.55238          0.027973
          12.58285          0.026935
          12.61347          0.026224
          12.64423          0.025401
          12.67515          0.024729
          12.70621          0.023877
          12.73743          0.022878
          12.76881          0.022092
          12.80033          0.021531
          12.83202          0.020511
          12.86386          0.019620
          12.89586          0.018826
          12.92802          0.018396
          12.96034          0.017841
          12.99282          0.017417
          13.02546          0.017236
          13.05827          0.017411
          13.09125          0.017901
          13.12439          0.018677
          13.15770          0.019438
          13.19118          0.020631
          13.22483          0.022418
          13.25866          0.024958
          13.29265          0.028016
          13.32683          0.031662
          13.36117          0.035982
          13.39570          0.040908
          13.43040          0.046816
          13.46529          0.053241
          13.50035          0.060276
          13.53560          0.068057
          13.57103          0.076498
          13.60665          0.085521
          13.64246          0.095030
          13.67846          0.105048
          13.71464          0.115649
          13.75102          0.126417
          13.78759          0.137429
          13.82436          0.148653
          13.86132          0.160494
          13.89849          0.173116
          13.93585          0.186182
          13.97341          0.199475
          14.01117          0.212451
          14.04915          0.224072
          14.08732          0.233952
          14.12571          0.241846
          14.16430          0.248412
          14.20311          0.253551
          14.24213          0.257775
          14.28136          0.261282
          14.32081          0.264321
          14.36049          0.266746
          14.40038          0.268548
          14.44049          0.269454
          14.48082          0.269696
          14.52139          0.268616
          14.56218          0.266576
          14.60320          0.263034
          14.64445          0.258031
          14.68593          0.251245
          14.72766          0.243003
          14.76962          0.233026
          14.81181          0.221386
          14.85425          0.208448
          14.89694          0.195824
          14.93987          0.183176
          14.98305          0.170154
          15.02648          0.157158
          15.07016          0.144293
          15.11410          0.131099
          15.15829          0.118120
          15.20274          0.105519
          15.24746          0.093422
          15.29243          0.083733
          15.33768          0.078764
          15.38319          0.079330
          15.42897          0.084814
          15.47503          0.097439
          15.52136          0.122368
          15.56797          0.157609
          15.61487          0.192074
          15.66204          0.218339
          15.70950          0.236357
          15.75725          0.248764
          15.80529          0.257240
          15.85362          0.262679
          15.90226          0.266163
          15.95119          0.267596
          16.00042          0.266752
          16.04995          0.261888
          16.09980          0.250919
          16.14995          0.232900
          16.20042          0.209626
          16.25121          0.185045
          16.30231          0.163730
          16.35374          0.152110
          16.40549          0.157614
          16.45757          0.182377
          16.50998          0.219804
          16.56273          0.258139
          16.61582          0.289118
          16.66924          0.309692
          16.72302          0.319956
          16.77714          0.320205
          16.83161          0.312261
          16.88643          0.296286
          16.94162          0.274103
          16.99716          0.249859
          17.05308          0.228021
          17.10936          0.209280
          17.16601          0.194010
          17.22304          0.181462
          17.28045          0.171197
          17.33824          0.161787
          17.39643          0.153554
          17.45500          0.146681
          17.51397          0.140760
          17.57334          0.136047
          17.63311          0.132133
          17.69329          0.127978
          17.75389          0.123798
          17.81490          0.120103
          17.87633          0.116857
          17.93818          0.114077
          18.00047          0.111407
          18.06319          0.108631
          18.12635          0.105739
          18.18995          0.102692
          18.25400          0.099856
          18.31850          0.097577
          18.38346          0.095018
          18.44888          0.092195
          18.51477          0.089995
          18.58113          0.088164
          18.64797          0.087902
          18.71529          0.089805
          18.78310          0.094090
          18.85140          0.100658
          18.92020          0.106831
          18.98951          0.111876
          19.05932          0.115056
          19.12965          0.115869
          19.20050          0.115530
          19.27188          0.114106
          19.34379          0.111672
          19.41624          0.107872
          19.48923          0.104566
          19.56277          0.101403
          19.63688          0.097644
          19.71154          0.094680
          19.78678          0.092315
          19.86259          0.090048
          19.93898          0.088313
          20.01596          0.086869
          20.09355          0.084776
          20.17173          0.082803
          20.25053          0.080968
          20.32994          0.078505
          20.40998          0.076214
          20.49065          0.075978
          20.57196          0.079181
          20.65392          0.082558
          20.73654          0.083605
          20.81982          0.084050
          20.90377          0.084332
          20.98840          0.084372
          21.07372          0.082681
          21.15973          0.080727
          21.24646          0.080452
          21.33389          0.079699
          21.42204          0.078360
          21.51093          0.076265
          21.60056          0.074081
          21.69094          0.073983
          21.78208          0.072109
          21.87399          0.068698
          21.96667          0.067152
          22.06015          0.065098
          22.15442          0.062602
          22.24951          0.062850
          22.34541          0.065133
          22.44214          0.069369
          22.53972          0.077889
          22.63814          0.089169
          22.73743          0.101652
          22.83760          0.113720
          22.93865          0.120806
          23.04060          0.123748
          23.14346          0.126773
          23.24724          0.130608
          23.35196          0.131525
          23.45763          0.131033
          23.56425          0.129060
          23.67185          0.124811
          23.78044          0.121746
          23.89002          0.119856
          24.00063          0.115693
          24.11226          0.111355
          24.22493          0.108848
          24.33866          0.103685
          24.45347          0.098731
          24.56936          0.094561
          24.68636          0.088283
          24.80447          0.085731
          24.92373          0.084393
          25.04413          0.077825
          25.16571          0.072534
          25.28846          0.073885
          25.41243          0.064425
          25.53761          0.059584
          25.66404          0.057097
          25.79172          0.049489
          25.92068          0.046388