           0.30000          0.129119
           0.30500          0.144924
           0.31000          0.156310
           0.31500          0.165315
           0.32000          0.173165
           0.32500          0.176454
           0.33000          0.180781
           0.33500          0.183815
           0.34000          0.186389
           0.34500          0.189070
           0.35000          0.192788
           0.35500          0.198265
           0.36000          0.204320
           0.36500          0.208313
           0.37000          0.211404
           0.37500          0.214154
           0.38000          0.216947
           0.38500          0.219393
           0.39000          0.223760
           0.39500          0.227548
           0.40000          0.228061
           0.40500          0.229346
           0.41000          0.230317
           0.41500          0.234782
           0.42000          0.240879
           0.42500          0.247429
           0.43000          0.252272
           0.43500          0.253263
           0.44000          0.255573
           0.44500          0.259482
           0.45000          0.260032
           0.45500          0.260838
           0.46000          0.264490
           0.46500          0.269626
           0.47000          0.274911
           0.47500          0.280273
           0.48000          0.285929
           0.48500          0.290139
           0.49000          0.290917
           0.49500          0.290383
           0.50000          0.293107
           0.50500          0.296553
           0.51000          0.297015
           0.51500          0.298164
           0.52000          0.298883
           0.52500          0.297101
           0.53000          0.297543
           0.53500          0.298463
           0.54000          0.297218
           0.54500          0.297559
           0.55000          0.297165
           0.55500          0.296957
           0.56000          0.296434
           0.56500          0.295784
           0.57000          0.295284
           0.57500          0.293910
           0.58000          0.292299
           0.58500          0.291029
           0.59000          0.288427
           0.59500          0.286422
           0.60000          0.284657
           0.60500          0.282311
           0.61000          0.280408
           0.61500          0.279874
           0.62000          0.277192
           0.62500          0.275642
           0.63000          0.273716
           0.63500          0.271384
           0.64000          0.268541
           0.64500          0.266412
           0.65000          0.265077
           0.65500          0.262688
           0.66000          0.260972
           0.66500          0.258259
           0.67000          0.257345
           0.67500          0.254218
           0.68000          0.253037
           0.68500          0.251832
           0.69000          0.250368
           0.69500          0.250321
           0.70000          0.249671
           0.70500          0.249507
           0.71000          0.249349
           0.71500          0.249990
           0.72000          0.250796
           0.72500          0.251046
           0.73000          0.253286
           0.73500          0.253994
           0.74000          0.256445
           0.74500          0.258211
           0.75000          0.260422
           0.75500          0.263385
           0.76000          0.266354
           0.76500          0.266647
           0.77000          0.269118
           0.77500          0.271468
           0.78000          0.274815
           0.78500          0.277108
           0.79000          0.279168
           0.79500          0.280989
           0.80000          0.282555
           0.80500          0.283474
           0.81000          0.283942
           0.81500          0.283888
           0.82000          0.284899
           0.82500          0.284286
           0.83000          0.284050
           0.83500          0.283000
           0.84000          0.281559
           0.84500          0.280620
           0.85000          0.279341
           0.85500          0.278629
           0.86000          0.277672
           0.86500          0.276795
           0.87000          0.275979
           0.87500          0.275556
           0.88000          0.274309
           0.88500          0.274402
           0.89000          0.274696
           0.89500          0.274679
           0.90000          0.274544
           0.90500          0.275329
           0.91000          0.276392
           0.91500          0.277672
           0.92000          0.278446
           0.92500          0.278761
           0.93000          0.282255
           0.93500          0.283280
           0.94000          0.285106
           0.94500          0.286756
           0.95000          0.287516
           0.95500          0.288991
           0.96000          0.291340
           0.96500          0.293273
           0.97000          0.294076
           0.97500          0.295203
           0.98000          0.296605
           0.98500          0.297580
           0.99000          0.298728
           0.99500          0.299272
           1.00000          0.299753
           1.00500          0.300336
           1.01000          0.300509
           1.01500          0.301246
           1.02000          0.301248
           1.02500          0.301707
           1.03000          0.301369
           1.03500          0.301606
           1.04000          0.301578
           1.04500          0.301579
           1.05000          0.302431
           1.05500          0.302283
           1.06000          0.301115
           1.06500          0.301582
           1.07000          0.302496
           1.07500          0.302234
           1.08000          0.302149
           1.08500          0.302371
           1.09000          0.302063
           1.09500          0.303087
           1.10000          0.303724
           1.10500          0.303451
           1.11000          0.303838
           1.11500          0.304059
           1.12000          0.305611
           1.12500          0.306197
           1.13000          0.307679
           1.13500          0.307505
           1.14000          0.308365
           1.14500          0.309724
           1.15000          0.311082
           1.15500          0.312313
           1.16000          0.313533
           1.16500          0.315040
           1.17000          0.316488
           1.17500          0.317969
           1.18000          0.319081
           1.18500          0.320995
           1.19000          0.322105
           1.19500          0.323702
           1.20000          0.325497
           1.20500          0.327403
           1.21000          0.329339
           1.21500          0.331253
           1.22000          0.332811
           1.22500          0.334351
           1.23000          0.336252
           1.23500          0.337905
           1.24000          0.339720
           1.24500          0.341675
           1.25000          0.343024
           1.25500          0.344006
           1.26000          0.346052
           1.26500          0.347737
           1.27000          0.349683
           1.27500          0.351172
           1.28000          0.352977
           1.28500          0.355109
           1.29000          0.356262
           1.29500          0.358228
           1.30000          0.360029
           1.30500          0.362071
           1.31000          0.363291
           1.31500          0.365913
           1.32000          0.367341
           1.32500          0.369076
           1.33000          0.370639
           1.33500          0.372658
           1.34000          0.374392
           1.34500          0.376562
           1.35000          0.377297
           1.35500          0.378018
           1.36000          0.379624
           1.36500          0.380499
           1.37000          0.382092
           1.37500          0.383452
           1.38000          0.384713
           1.38500          0.379007
           1.39000          0.358274
           1.39500          0.366231
           1.40000          0.378852
           1.40500          0.383465
           1.41000          0.384199
           1.41500          0.386458
           1.42000          0.389202
           1.42500          0.390156
           1.43000          0.390755
           1.43500          0.390945
           1.44000          0.393062
           1.44500          0.393905
           1.45000          0.395894
           1.45500          0.399393
           1.46000          0.400642
           1.46500          0.402629
           1.47000          0.405026
           1.47500          0.405895
           1.48000          0.408026
           1.48500          0.409614
           1.49000          0.410043
           1.49500          0.412219
           1.50000          0.413063
           1.50500          0.412886
           1.51000          0.413922
           1.51500          0.415749
           1.52000          0.416640
           1.52500          0.417295
           1.53000          0.418159
           1.53500          0.419310
           1.54000          0.420036
           1.54500          0.421757
           1.55000          0.422888
           1.55500          0.424236
           1.56000          0.425580
           1.56500          0.425960
           1.57000          0.428284
           1.57500          0.428447
           1.58000          0.430295
           1.58500          0.432314
           1.59000          0.433318
           1.59500          0.434153
           1.60000          0.436525
           1.60500          0.437117
           1.61000          0.438501
           1.61500          0.439356
           1.62000          0.440465
           1.62500          0.441440
           1.63000          0.443041
           1.63500          0.443875
           1.64000          0.445538
           1.64500          0.446649
           1.65000          0.447499
           1.65500          0.449139
           1.66000          0.450004
           1.66500          0.451372
           1.67000          0.451893
           1.67500          0.452801
           1.68000          0.453938
           1.68500          0.455278
           1.69000          0.455977
           1.69500          0.456943
           1.70000          0.460221
           1.70500          0.459451
           1.71000          0.460235
           1.71500          0.460334
           1.72000          0.460565
           1.72500          0.461666
           1.73000          0.462224
           1.73500          0.463055
           1.74000          0.463952
           1.74500          0.464494
           1.75000          0.464966
           1.75500          0.465251
           1.76000          0.466056
           1.76500          0.465291
           1.77000          0.466584
           1.77500          0.467186
           1.78000          0.467003
           1.78500          0.467645
           1.79000          0.468703
           1.79500          0.469481
           1.80000          0.469822
           1.80500          0.469458
           1.81000          0.470500
           1.81500          0.471384
           1.82000          0.471268
           1.82500          0.470319
           1.83000          0.471012
           1.83500          0.471681
           1.84000          0.470578
           1.84500          0.469939
           1.85000          0.470594
           1.85500          0.469133
           1.86000          0.469494
           1.86500          0.469776
           1.87000          0.472620
           1.87500          0.467908
           1.88000          0.466996
           1.88500          0.468745
           1.89000          0.470021
           1.89500          0.470154
           1.90000          0.472795
           1.90500          0.470338
           1.91000          0.469286
           1.91500          0.470235
           1.92000          0.471366
           1.92500          0.469504
           1.93000          0.470319
           1.93500          0.470217
           1.94000          0.469915
           1.94500          0.469591
           1.95000          0.468418
           1.95500          0.467504
           1.96000          0.467348
           1.96500          0.467579
           1.97000          0.466708
           1.97500          0.466115
           1.98000          0.464512
           1.98500          0.464575
           1.99000          0.464820
           1.99500          0.464864
           2.00000          0.465276
           2.00500          0.465828
           2.01000          0.467706
           2.01500          0.469085
           2.02000          0.471269
           2.02500          0.472709
           2.03000          0.474336
           2.03500          0.477370
           2.04000          0.478912
           2.04500          0.480307
           2.05000          0.482169
           2.05500          0.483838
           2.06000          0.485070
           2.06500          0.486180
           2.07000          0.485983
           2.07500          0.487724
           2.08000          0.488521
           2.08500          0.488722
           2.09000          0.489143
           2.09500          0.489027
           2.10000          0.487910
           2.10500          0.486893
           2.11000          0.486250
           2.11500          0.486613
           2.12000          0.486991
           2.12500          0.487110
           2.13000          0.487835
           2.13500          0.487731
           2.14000          0.488367
           2.14500          0.488557
           2.15000          0.488583
           2.15500          0.488718
           2.16000          0.488100
           2.16500          0.487632
           2.17000          0.487213
           2.17500          0.487182
           2.18000          0.486518
           2.18500          0.485047
           2.19000          0.485325
           2.19500          0.483883
           2.20000          0.481309
           2.20500          0.479907
           2.21000          0.478494
           2.21500          0.475813
           2.22000          0.472265
           2.22500          0.466813
           2.23000          0.459798
           2.23500          0.449362
           2.24000          0.437039
           2.24500          0.428705
           2.25000          0.424754
           2.25500          0.424709
           2.26000          0.426782
           2.26500          0.427366
           2.27000          0.427390
           2.27500          0.426660
           2.28000          0.423295
           2.28500          0.414655
           2.29000          0.402503
           2.29500          0.392373
           2.30000          0.387485
           2.30500          0.386453
           2.31000          0.384623
           2.31500          0.378918
           2.32000          0.371072
           2.32500          0.366700
           2.33000          0.364451
           2.33500          0.365225
           2.34000          0.368693
           2.34500          0.373798
           2.35000          0.379993
           2.35500          0.385991
           2.36000          0.392557
           2.36500          0.399505
           2.37000          0.406100
           2.37500          0.411399
           2.38000          0.413518
           2.38500          0.412745
           2.39000          0.412774
           2.39500          0.413691
           2.40000          0.416511
           2.40500          0.421726
           2.41000          0.426998
           2.41500          0.430206
           2.42000          0.430768
           2.42500          0.427234
           2.43000          0.424323
           2.43500          0.421493
           2.44000          0.419318
           2.44500          0.417362
           2.45000          0.414886
           2.45500          0.410002
           2.46000          0.406225
           2.46500          0.402588
           2.47000          0.400699
           2.47500          0.399228
           2.48000          0.399852
           2.48500          0.400901
           2.49000          0.401196
           2.49500          0.401287
           2.50000          0.400924
           2.50200          0.400948
           2.50320          0.401217
           2.50441          0.400947
           2.50562          0.400741
           2.50683          0.400693
           2.50805          0.400979
           2.50926          0.401208
           2.51048          0.401126
           2.51169          0.401099
           2.51291          0.400859
           2.51413          0.400955
           2.51535          0.401161
           2.51657          0.401185
           2.51779          0.401113
           2.51902          0.401141
           2.52024          0.401333
           2.52147          0.401238
           2.52269          0.401212
           2.52392          0.401189
           2.52515          0.400977
           2.52638          0.400908
           2.52761          0.401169
           2.52885          0.401483
           2.53008          0.401587
           2.53132          0.401523
           2.53255          0.401488
           2.53379          0.401516
           2.53503          0.401557
           2.53627          0.401624
           2.53751          0.401889
           2.53875          0.401776
           2.54000          0.401700
           2.54124          0.401639
           2.54249          0.401813
           2.54374          0.401760
           2.54499          0.401930
           2.54624          0.402040
           2.54749          0.401768
           2.54874          0.401339
           2.54999          0.401197
           2.55125          0.400889
           2.55250          0.400922
           2.55376          0.400768
           2.55502          0.400751
           2.55628          0.400759
           2.55754          0.400575
           2.55880          0.400128
           2.56007          0.399567
           2.56133          0.399520
           2.56260          0.399954
           2.56386          0.400032
           2.56513          0.400097
           2.56640          0.399935
           2.56767          0.399773
           2.56895          0.399973
           2.57022          0.399978
           2.57150          0.399932
           2.57277          0.400082
           2.57405          0.400137
           2.57533          0.400649
           2.57661          0.400959
           2.57789          0.400913
           2.57917          0.400785
           2.58046          0.401362
           2.58174          0.401763
           2.58303          0.402140
           2.58431          0.402669
           2.58560          0.403067
           2.58689          0.403563
           2.58819          0.404082
           2.58948          0.404524
           2.59077          0.404838
           2.59207          0.405222
           2.59336          0.405823
           2.59466          0.406267
           2.59596          0.406519
           2.59726          0.406720
           2.59856          0.407138
           2.59987          0.407521
           2.60117          0.408107
           2.60248          0.408627
           2.60378          0.409053
           2.60509          0.409410
           2.60640          0.409985
           2.60771          0.410394
           2.60903          0.410756
           2.61034          0.411290
           2.61166          0.412000
           2.61297          0.412424
           2.61429          0.412988
           2.61561          0.413373
           2.61693          0.413496
           2.61825          0.413510
           2.61957          0.414167
           2.62090          0.414573
           2.62222          0.414673
           2.62355          0.415174
           2.62488          0.415614
           2.62621          0.415606
           2.62754          0.415331
           2.62887          0.415363
           2.63021          0.415777
           2.63154          0.415918
           2.63288          0.415979
           2.63421          0.416088
           2.63555          0.415817
           2.63689          0.415796
           2.63824          0.415687
           2.63958          0.415362
           2.64092          0.415125
           2.64227          0.414785
           2.64362          0.414513
           2.64497          0.414153
           2.64632          0.414333
           2.64767          0.414080
           2.64902          0.413626
           2.65038          0.413002
           2.65173          0.412723
           2.65309          0.412470
           2.65445          0.412026
           2.65581          0.411660
           2.65717          0.411454
           2.65853          0.410927
           2.65989          0.410447
           2.66126          0.410061
           2.66263          0.409648
           2.66400          0.409165
           2.66536          0.408321
           2.66674          0.407258
           2.66811          0.406543
           2.66948          0.405650
           2.67086          0.404520
           2.67223          0.402964
           2.67361          0.401476
           2.67499          0.399442
           2.67637          0.397682
           2.67776          0.395359
           2.67914          0.392757
           2.68052          0.390498
           2.68191          0.388011
           2.68330          0.385300
           2.68469          0.382032
           2.68608          0.378846
           2.68747          0.375849
           2.68887          0.372448
           2.69026          0.368769
           2.69166          0.364521
           2.69306          0.360273
           2.69446          0.355751
           2.69586          0.350847
           2.69726          0.345021
           2.69866          0.339047
           2.70007          0.332795
           2.70148          0.325901
           2.70289          0.317461
           2.70430          0.306620
           2.70571          0.291055
           2.70712          0.269123
           2.70853          0.242142
           2.70995          0.213849
           2.71137          0.188132
           2.71279          0.167612
           2.71421          0.153063
           2.71563          0.143846
           2.71705          0.138198
           2.71848          0.134618
           2.71990          0.132159
           2.72133          0.130785
           2.72276          0.129966
           2.72419          0.129683
           2.72562          0.129669
           2.72706          0.129629
           2.72849          0.129220
           2.72993          0.128585
           2.73137          0.127660
           2.73281          0.126439
           2.73425          0.124931
           2.73569          0.123425
           2.73714          0.122048
           2.73858          0.120484
           2.74003          0.118717
           2.74148          0.117036
           2.74293          0.115299
           2.74438          0.113689
           2.74583          0.111892
           2.74729          0.109902
           2.74875          0.108144
           2.75020          0.106290
           2.75166          0.104455
           2.75313          0.102638
           2.75459          0.100929
           2.75605          0.099428
           2.75752          0.097814
           2.75899          0.096365
           2.76046          0.094943
           2.76193          0.093661
           2.76340          0.092171
           2.76487          0.090600
           2.76635          0.089194
           2.76782          0.087734
           2.76930          0.086073
           2.77078          0.084326
           2.77226          0.082712
           2.77375          0.081103
           2.77523          0.079515
           2.77672          0.077947
           2.77821          0.076222
           2.77970          0.074686
           2.78119          0.073401
           2.78268          0.072076
           2.78418          0.070795
           2.78567          0.069731
           2.78717          0.069087
           2.78867          0.068331
           2.79017          0.067552
           2.79167          0.067009
           2.79318          0.066405
           2.79468          0.066022
           2.79619          0.065699
           2.79770          0.065483
           2.79921          0.065167
           2.80072          0.065115
           2.80224          0.065213
           2.80375          0.065218
           2.80527          0.065087
           2.80679          0.065019
           2.80831          0.065217
           2.80983          0.065545
           2.81135          0.065974
           2.81288          0.066225
           2.81441          0.066364
           2.81593          0.066802
           2.81746          0.067225
           2.81900          0.067747
           2.82053          0.068326
           2.82207          0.068794
           2.82360          0.069457
           2.82514          0.070131
           2.82668          0.070645
           2.82822          0.071271
           2.82977          0.071956
           2.83131          0.072738
           2.83286          0.073401
           2.83441          0.074013
           2.83596          0.074549
           2.83751          0.075054
           2.83907          0.075526
           2.84062          0.076281
           2.84218          0.077024
           2.84374          0.077490
           2.84530          0.077908
           2.84686          0.078523
           2.84843          0.078948
           2.84999          0.079456
           2.85156          0.079973
           2.85313          0.080322
           2.85470          0.080575
           2.85627          0.080752
           2.85785          0.080740
           2.85942          0.080885
           2.86100          0.081059
           2.86258          0.081131
           2.86416          0.081369
           2.86575          0.081575
           2.86733          0.081471
           2.86892          0.081230
           2.87051          0.081117
           2.87210          0.080997
           2.87369          0.080702
           2.87528          0.080393
           2.87688          0.080207
           2.87848          0.079862
           2.88007          0.079442
           2.88168          0.079088
           2.88328          0.078659
           2.88488          0.078299
           2.88649          0.077765
           2.88810          0.077130
           2.88971          0.076609
           2.89132          0.076146
           2.89293          0.075687
           2.89455          0.074999
           2.89616          0.074714
           2.89778          0.074557
           2.89940          0.074146
           2.90103          0.073770
           2.90265          0.073435
           2.90428          0.073053
           2.90591          0.072635
           2.90754          0.072499
           2.90917          0.072463
           2.91080          0.072419
           2.91244          0.072354
           2.91407          0.072195
           2.91571          0.072097
           2.91735          0.072081
           2.91899          0.072191
           2.92064          0.072303
           2.92229          0.072514
           2.92393          0.072678
           2.92558          0.072801
           2.92724          0.073031
           2.92889          0.073383
           2.93055          0.073944
           2.93220          0.074344
           2.93386          0.074685
           2.93552          0.075031
           2.93719          0.075434
           2.93885          0.076110
           2.94052          0.076737
           2.94219          0.077330
           2.94386          0.077870
           2.94553          0.078404
           2.94721          0.078844
           2.94888          0.079209
           2.95056          0.079894
           2.95224          0.080588
           2.95392          0.081227
           2.95561          0.081796
           2.95729          0.082467
           2.95898          0.083272
           2.96067          0.084012
           2.96236          0.084626
           2.96406          0.085174
           2.96575          0.085854
           2.96745          0.086655
           2.96915          0.087505
           2.97085          0.088209
           2.97255          0.088913
           2.97426          0.089713
           2.97597          0.090504
           2.97768          0.091449
           2.97939          0.092193
           2.98110          0.092797
           2.98282          0.093539
           2.98453          0.094530
           2.98625          0.095639
           2.98797          0.096603
           2.98970          0.097577
           2.99142          0.098752
           2.99315          0.099800
           2.99488          0.100781
           2.99661          0.101913
           2.99834          0.103049
           3.00008          0.104266
           3.00182          0.105464
           3.00355          0.106676
           3.00530          0.107934
           3.00704          0.109270
           3.00878          0.110541
           3.01053          0.111718
           3.01228          0.113116
           3.01403          0.114510
           3.01579          0.115812
           3.01754          0.117176
           3.01930          0.118483
           3.02106          0.119777
           3.02282          0.121166
           3.02458          0.122482
           3.02635          0.123628
           3.02812          0.125060
           3.02989          0.126644
           3.03166          0.128101
           3.03343          0.129332
           3.03521          0.130608
           3.03699          0.132074
           3.03877          0.133359
           3.04055          0.134837
           3.04233          0.136291
           3.04412          0.137635
           3.04591          0.139029
           3.04770          0.140409
           3.04949          0.141793
           3.05129          0.143233
           3.05308          0.144701
           3.05488          0.146279
           3.05668          0.147634
           3.05849          0.148883
           3.06029          0.150500
           3.06210          0.152103
           3.06391          0.153738
           3.06572          0.155361
           3.06754          0.156809
           3.06935          0.158264
           3.07117          0.159926
           3.07299          0.161696
           3.07481          0.163267
           3.07664          0.164835
           3.07847          0.166526
           3.08029          0.168133
           3.08213          0.169711
           3.08396          0.171428
           3.08579          0.173192
           3.08763          0.174728
           3.08947          0.176314
           3.09131          0.177918
           3.09316          0.179478
           3.09501          0.181234
           3.09685          0.182949
           3.09871          0.184625
           3.10056          0.186205
           3.10241          0.187863
           3.10427          0.189603
           3.10613          0.191159
           3.10799          0.192762
           3.10986          0.194424
           3.11173          0.195917
           3.11359          0.197402
           3.11547          0.198890
           3.11734          0.200401
           3.11921          0.201944
           3.12109          0.203455
           3.12297          0.204981
           3.12486          0.206544
           3.12674          0.208033
           3.12863          0.209431
           3.13052          0.210872
           3.13241          0.212228
           3.13430          0.213606
           3.13620          0.215127
           3.13810          0.216592
           3.14000          0.217980
           3.14190          0.219435
           3.14381          0.220835
           3.14571          0.222217
           3.14762          0.223664
           3.14954          0.225100
           3.15145          0.226594
           3.15337          0.228103
           3.15529          0.229515
           3.15721          0.230893
           3.15913          0.232320
           3.16106          0.233832
           3.16299          0.235383
           3.16492          0.236895
           3.16685          0.238352
           3.16879          0.239881
           3.17072          0.241235
           3.17267          0.242518
           3.17461          0.243998
           3.17655          0.245539
           3.17850          0.247026
           3.18045          0.248439
           3.18240          0.249838
           3.18436          0.251173
           3.18632          0.252571
           3.18827          0.254093
           3.19024          0.255511
           3.19220          0.256971
           3.19417          0.258287
           3.19614          0.259451
           3.19811          0.260722
           3.20008          0.262167
           3.20206          0.263502
           3.20404          0.264755
           3.20602          0.265808
           3.20800          0.267004
           3.20999          0.268258
           3.21198          0.269438
           3.21397          0.270739
           3.21596          0.271917
           3.21796          0.272925
           3.21996          0.274052
           3.22196          0.275381
           3.22396          0.276432
           3.22597          0.277336
           3.22798          0.278286
           3.22999          0.279321
           3.23200          0.280229
           3.23402          0.281131
           3.23604          0.282130
           3.23806          0.283011
           3.24008          0.283790
           3.24211          0.284530
           3.24414          0.285210
           3.24617          0.286020
           3.24820          0.286686
           3.25024          0.287381
           3.25228          0.288306
           3.25432          0.289139
           3.25637          0.289728
           3.25841          0.290375
           3.26046          0.290948
           3.26251          0.291666
           3.26457          0.292254
           3.26663          0.292807
           3.26869          0.293574
           3.27075          0.294220
           3.27281          0.294780
           3.27488          0.295472
           3.27695          0.296092
           3.27902          0.296732
           3.28110          0.297438
           3.28318          0.298269
           3.28526          0.299032
           3.28734          0.299723
           3.28943          0.300453
           3.29151          0.301392
           3.29361          0.302376
           3.29570          0.303234
           3.29780          0.304073
           3.29990          0.304873
           3.30200          0.305660
           3.30410          0.306574
           3.30621          0.307433
           3.30832          0.308007
           3.31043          0.308677
           3.31255          0.309263
           3.31466          0.309914
           3.31679          0.310430
           3.31891          0.310887
           3.32103          0.311537
           3.32316          0.312161
           3.32529          0.312844
           3.32743          0.313417
           3.32957          0.313976
           3.33171          0.314538
           3.33385          0.315121
           3.33599          0.315743
           3.33814          0.316275
           3.34029          0.316878
           3.34245          0.317404
           3.34460          0.318063
           3.34676          0.318942
           3.34892          0.319788
           3.35109          0.320583
           3.35326          0.321212
           3.35543          0.321886
           3.35760          0.322573
           3.35978          0.323221
           3.36196          0.323939
           3.36414          0.324563
           3.36632          0.325265
           3.36851          0.326049
           3.37070          0.326622
           3.37289          0.327210
           3.37509          0.327836
           3.37729          0.328389
           3.37949          0.329002
           3.38169          0.329777
           3.38390          0.330338
           3.38611          0.330960
           3.38832          0.331643
           3.39054          0.332368
           3.39276          0.332957
           3.39498          0.333547
           3.39721          0.334133
           3.39943          0.334721
           3.40166          0.335284
           3.40390          0.335754
           3.40613          0.336178
           3.40837          0.336569
           3.41061          0.337147
           3.41286          0.337555
           3.41511          0.338023
           3.41736          0.338656
           3.41961          0.339401
           3.42187          0.340189
           3.42413          0.341022
           3.42639          0.341776
           3.42866          0.342438
           3.43093          0.343294
           3.43320          0.344019
           3.43548          0.344672
           3.43776          0.345395
           3.44004          0.346018
           3.44232          0.346641
           3.44461          0.347381
           3.44690          0.347974
           3.44919          0.348503
           3.45149          0.349107
           3.45379          0.349669
           3.45609          0.350235
           3.45840          0.350755
           3.46070          0.351208
           3.46302          0.351751
           3.46533          0.352346
           3.46765          0.352830
           3.46997          0.353260
           3.47229          0.353689
           3.47462          0.354082
           3.47695          0.354496
           3.47929          0.354801
           3.48162          0.355086
           3.48396          0.355535
           3.48630          0.356093
           3.48865          0.356638
           3.49100          0.357106
           3.49335          0.357552
           3.49571          0.358083
           3.49807          0.358658
           3.50043          0.359329
           3.50279          0.360137
           3.50516          0.360870
           3.50753          0.361615
           3.50991          0.362494
           3.51229          0.363246
           3.51467          0.363811
           3.51705          0.364431
           3.51944          0.365243
           3.52183          0.365839
           3.52423          0.366505
           3.52662          0.367361
           3.52902          0.368190
           3.53143          0.368857
           3.53383          0.369535
           3.53624          0.370215
           3.53866          0.370880
           3.54108          0.371526
           3.54350          0.372191
           3.54592          0.372814
           3.54835          0.373400
           3.55078          0.373903
           3.55321          0.374470
           3.55565          0.375143
           3.55809          0.375665
           3.56053          0.376153
           3.56298          0.376702
           3.56543          0.377258
           3.56788          0.377600
           3.57034          0.378019
           3.57280          0.378461
           3.57527          0.378765
           3.57773          0.379095
           3.58020          0.379561
           3.58268          0.380069
           3.58516          0.380566
           3.58764          0.381029
           3.59012          0.381755
           3.59261          0.382421
           3.59510          0.383017
           3.59760          0.383609
           3.60009          0.384153
           3.60260          0.384591
           3.60510          0.385155
           3.60761          0.385789
           3.61012          0.386358
           3.61264          0.386869
           3.61516          0.387359
           3.61768          0.387811
           3.62021          0.388177
           3.62274          0.388599
           3.62527          0.389129
           3.62781          0.389585
           3.63035          0.389910
           3.63289          0.390316
           3.63544          0.390703
           3.63799          0.391108
           3.64054          0.391441
           3.64310          0.391873
           3.64566          0.392165
           3.64823          0.392399
           3.65080          0.392709
           3.65337          0.393018
           3.65595          0.393408
           3.65853          0.393758
           3.66111          0.394011
           3.66370          0.394247
           3.66629          0.394586
           3.66889          0.394872
           3.67148          0.395059
           3.67409          0.395331
           3.67669          0.395635
           3.67930          0.395741
           3.68191          0.395857
           3.68453          0.396084
           3.68715          0.396233
           3.68978          0.396359
           3.69240          0.396677
           3.69504          0.397037
           3.69767          0.397324
           3.70031          0.397577
           3.70295          0.397787
           3.70560          0.397968
           3.70825          0.398124
           3.71091          0.398324
           3.71356          0.398514
           3.71623          0.398639
           3.71889          0.398829
           3.72156          0.399065
           3.72423          0.399212
           3.72691          0.399528
           3.72959          0.399818
           3.73228          0.400011
           3.73497          0.400206
           3.73766          0.400435
           3.74036          0.400617
           3.74306          0.400880
           3.74576          0.401099
           3.74847          0.401302
           3.75118          0.401486
           3.75390          0.401783
           3.75662          0.401940
           3.75934          0.402012
           3.76207          0.402198
           3.76480          0.402440
           3.76754          0.402682
           3.77028          0.402819
           3.77302          0.402965
           3.77577          0.403141
           3.77852          0.403240
           3.78128          0.403393
           3.78404          0.403520
           3.78680          0.403641
           3.78957          0.403808
           3.79234          0.403991
           3.79512          0.404159
           3.79790          0.404295
           3.80069          0.404375
           3.80347          0.404462
           3.80627          0.404669
           3.80906          0.404998
           3.81186          0.405153
           3.81467          0.405351
           3.81748          0.405593
           3.82029          0.405848
           3.82311          0.406022
           3.82593          0.406235
           3.82876          0.406448
           3.83159          0.406708
           3.83442          0.406850
           3.83726          0.407128
           3.84010          0.407481
           3.84295          0.407757
           3.84580          0.407905
           3.84865          0.408105
           3.85151          0.408284
           3.85438          0.408529
           3.85724          0.408724
           3.86012          0.408861
           3.86299          0.408984
           3.86587          0.409237
           3.86876          0.409396
           3.87165          0.409526
           3.87454          0.409718
           3.87744          0.409943
           3.88034          0.410087
           3.88325          0.410208
           3.88616          0.410286
           3.88907          0.410422
           3.89199          0.410489
           3.89492          0.410571
           3.89785          0.410715
           3.90078          0.410760
           3.90372          0.410822
           3.90666          0.411005
           3.90960          0.411148
           3.91255          0.411183
           3.91551          0.411162
           3.91847          0.411124
           3.92143          0.411076
           3.92440          0.411135
           3.92738          0.411177
           3.93035          0.411158
           3.93333          0.411141
           3.93632          0.411108
           3.93931          0.411219
           3.94231          0.411216
           3.94531          0.411273
           3.94831          0.411313
           3.95132          0.411294
           3.95434          0.411325
           3.95735          0.411364
           3.96038          0.411380
           3.96341          0.411416
           3.96644          0.411452
           3.96948          0.411479
           3.97252          0.411501
           3.97556          0.411501
           3.97861          0.411451
           3.98167          0.411403
           3.98473          0.411549
           3.98780          0.411509
           3.99087          0.411501
           3.99394          0.411547
           3.99702          0.411575
           4.00010          0.411598
           4.00319          0.411610
           4.00629          0.411560
           4.00939          0.411540
           4.01249          0.411552
           4.01560          0.411626
           4.01871          0.411600
           4.02183          0.411573
           4.02495          0.411549
           4.02808          0.411522
           4.03121          0.411492
           4.03435          0.411532
           4.03749          0.411466
           4.04064          0.411516
           4.04379          0.411481
           4.04694          0.411375
           4.05011          0.411371
           4.05327          0.411320
           4.05644          0.411244
           4.05962          0.411154
           4.06280          0.411116
           4.06599          0.411070
           4.06918          0.410967
           4.07238          0.410857
           4.07558          0.410780
           4.07878          0.410712
           4.08200          0.410605
           4.08521          0.410480
           4.08843          0.410311
           4.09166          0.410167
           4.09489          0.410140
           4.09813          0.410063
           4.10137          0.409916
           4.10462          0.409794
           4.10787          0.409628
           4.11113          0.409536
           4.11439          0.409445
           4.11766          0.409308
           4.12093          0.409183
           4.12421          0.409113
           4.12750          0.408965
           4.13079          0.408807
           4.13408          0.408650
           4.13738          0.408503
           4.14068          0.408301
           4.14399          0.408250
           4.14731          0.408187
           4.15063          0.408052
           4.15395          0.407879
           4.15729          0.407796
           4.16062          0.407659
           4.16396          0.407495
           4.16731          0.407333
           4.17066          0.407128
           4.17402          0.406971
           4.17739          0.406832
           4.18075          0.406731
           4.18413          0.406643
           4.18751          0.406401
           4.19089          0.406262
           4.19428          0.406175
           4.19768          0.406066
           4.20108          0.405956
           4.20449          0.405921
           4.20790          0.405755
           4.21132          0.405751
           4.21474          0.405841
           4.21817          0.405910
           4.22161          0.405874
           4.22505          0.405836
           4.22850          0.405854
           4.23195          0.405797
           4.23540          0.405664
           4.23887          0.405501
           4.24234          0.405285
           4.24581          0.404963
           4.24929          0.404370
           4.25278          0.403820
           4.25627          0.403355
           4.25977          0.403134
           4.26327          0.403198
           4.26678          0.403283
           4.27029          0.403247
           4.27381          0.403113
           4.27734          0.402948
           4.28087          0.402759
           4.28441          0.402576
           4.28795          0.402411
           4.29150          0.402144
           4.29506          0.401922
           4.29862          0.401660
           4.30219          0.401304
           4.30576          0.401062
           4.30934          0.400923
           4.31292          0.400572
           4.31652          0.400161
           4.32011          0.399884
           4.32372          0.399700
           4.32732          0.399421
           4.33094          0.399140
           4.33456          0.398852
           4.33819          0.398616
           4.34182          0.398323
           4.34546          0.398093
           4.34911          0.397874
           4.35276          0.397680
           4.35642          0.397454
           4.36008          0.397191
           4.36375          0.397010
           4.36743          0.396815
           4.37111          0.396524
           4.37480          0.396284
           4.37849          0.395993
           4.38219          0.395764
           4.38590          0.395495
           4.38961          0.395310
           4.39333          0.395012
           4.39706          0.394765
           4.40079          0.394543
           4.40453          0.394263
           4.40828          0.394005
           4.41203          0.393708
           4.41579          0.393436
           4.41955          0.393157
           4.42332          0.392844
           4.42710          0.392625
           4.43088          0.392291
           4.43468          0.391964
           4.43847          0.391646
           4.44228          0.391282
           4.44608          0.390915
           4.44990          0.390631
           4.45372          0.390341
           4.45755          0.390000
           4.46139          0.389603
           4.46523          0.389220
           4.46908          0.388848
           4.47294          0.388447
           4.47680          0.388063
           4.48067          0.387615
           4.48455          0.387129
           4.48843          0.386699
           4.49232          0.386270
           4.49621          0.385839
           4.50012          0.385340
           4.50403          0.384862
           4.50794          0.384448
           4.51187          0.383979
           4.51580          0.383397
           4.51973          0.382892
           4.52368          0.382300
           4.52763          0.381724
           4.53159          0.381117
           4.53555          0.380488
           4.53952          0.379873
           4.54350          0.379226
           4.54749          0.378591
           4.55148          0.377935
           4.55548          0.377153
           4.55949          0.376262
           4.56350          0.375284
           4.56752          0.374286
           4.57155          0.373247
           4.57558          0.372208
           4.57963          0.370977
           4.58367          0.369674
           4.58773          0.368307
           4.59179          0.366878
           4.59586          0.365473
           4.59994          0.364175
           4.60403          0.362862
           4.60812          0.361538
           4.61222          0.360261
           4.61633          0.359112
           4.62044          0.358034
           4.62456          0.357092
           4.62869          0.356200
           4.63283          0.355350
           4.63697          0.354485
           4.64112          0.353600
           4.64528          0.352674
           4.64945          0.351731
           4.65362          0.350657
           4.65780          0.349604
           4.66199          0.348357
           4.66619          0.347090
           4.67039          0.345829
           4.67460          0.344472
           4.67882          0.343037
           4.68305          0.341626
           4.68728          0.340254
           4.69152          0.338858
           4.69577          0.337373
           4.70003          0.335910
           4.70430          0.334388
           4.70857          0.332989
           4.71285          0.331553
           4.71714          0.330114
           4.72143          0.328697
           4.72574          0.327359
           4.73005          0.325949
           4.73437          0.324578
           4.73870          0.323171
           4.74303          0.321813
           4.74738          0.320498
           4.75173          0.319202
           4.75609          0.317911
           4.76045          0.316731
           4.76483          0.315568
           4.76921          0.314436
           4.77360          0.313338
           4.77800          0.312321
           4.78241          0.311337
           4.78683          0.310358
           4.79125          0.309373
           4.79568          0.308487
           4.80013          0.307550
           4.80457          0.306598
           4.80903          0.305593
           4.81350          0.304626
           4.81797          0.303634
           4.82245          0.302635
           4.82694          0.301597
           4.83144          0.300571
           4.83595          0.299475
           4.84046          0.298373
           4.84499          0.297282
           4.84952          0.296148
           4.85406          0.294977
           4.85861          0.293861
           4.86317          0.292724
           4.86773          0.291563
           4.87231          0.290389
           4.87689          0.289161
           4.88148          0.287941
           4.88608          0.286725
           4.89069          0.285487
           4.89531          0.284236
           4.89994          0.282958
           4.90457          0.281653
           4.90922          0.280329
           4.91387          0.279059
           4.91853          0.277776
           4.92321          0.276450
           4.92788          0.275113
           4.93257          0.273808
           4.93727          0.272468
           4.94198          0.271177
           4.94669          0.269945
           4.95142          0.268772
           4.95615          0.267548
           4.96090          0.266465
           4.96565          0.265399
           4.97041          0.264390
           4.97518          0.263482
           4.97996          0.262705
           4.98475          0.261960
           4.98954          0.261300
           4.99435          0.260733
           4.99917          0.260265
           5.00399          0.259768
           5.00883          0.259429
           5.01367          0.259172
           5.01852          0.258959
           5.02339          0.258847
           5.02826          0.258746
           5.03314          0.258622
           5.03803          0.258573
           5.04293          0.258531
           5.04784          0.258554
           5.05276          0.258593
           5.05769          0.258681
           5.06263          0.258692
           5.06758          0.258669
           5.07254          0.258708
           5.07751          0.258800
           5.08249          0.258803
           5.08747          0.258752
           5.09247          0.258743
           5.09748          0.258812
           5.10250          0.258838
           5.10752          0.258843
           5.11256          0.258793
           5.11761          0.258822
           5.12266          0.258800
           5.12773          0.258766
           5.13281          0.258673
           5.13789          0.258605
           5.14299          0.258535
           5.14810          0.258462
           5.15322          0.258341
           5.15834          0.258237
           5.16348          0.258079
           5.16863          0.257936
           5.17379          0.257794
           5.17896          0.257654
           5.18413          0.257452
           5.18932          0.257290
           5.19452          0.257079
           5.19973          0.256864
           5.20496          0.256596
           5.21019          0.256314
           5.21543          0.256033
           5.22068          0.255727
           5.22594          0.255482
           5.23122          0.255226
           5.23650          0.254862
           5.24179          0.254470
           5.24710          0.254135
           5.25242          0.253817
           5.25774          0.253413
           5.26308          0.252982
           5.26843          0.252559
           5.27379          0.252183
           5.27916          0.251721
           5.28454          0.251283
           5.28993          0.250881
           5.29534          0.250497
           5.30075          0.250059
           5.30618          0.249659
           5.31161          0.249282
           5.31706          0.248894
           5.32252          0.248446
           5.32799          0.247996
           5.33347          0.247543
           5.33896          0.247128
           5.34447          0.246639
           5.34998          0.246138
           5.35551          0.245569
           5.36105          0.244966
           5.36660          0.244358
           5.37216          0.243713
           5.37773          0.243076
           5.38332          0.242439
           5.38891          0.241767
           5.39452          0.241037
           5.40014          0.240262
           5.40577          0.239510
           5.41141          0.238707
           5.41707          0.237891
           5.42274          0.237127
           5.42841          0.236222
           5.43410          0.235251
           5.43981          0.234420
           5.44552          0.233516
           5.45125          0.232657
           5.45698          0.231827
           5.46273          0.231051
           5.46850          0.230255
           5.47427          0.229444
           5.48006          0.228787
           5.48586          0.228123
           5.49167          0.227426
           5.49749          0.226858
           5.50333          0.226308
           5.50918          0.225814
           5.51504          0.225300
           5.52091          0.224880
           5.52680          0.224495
           5.53269          0.224102
           5.53861          0.223701
           5.54453          0.223371
           5.55047          0.223048
           5.55641          0.222749
           5.56238          0.222429
           5.56835          0.222143
           5.57434          0.221949
           5.58034          0.221781
           5.58635          0.221419
           5.59238          0.221133
           5.59842          0.220911
           5.60447          0.220729
           5.61054          0.220482
           5.61661          0.220323
           5.62271          0.220098
           5.62881          0.219915
           5.63493          0.219810
           5.64106          0.219748
           5.64721          0.219546
           5.65336          0.219279
           5.65954          0.219184
           5.66572          0.218965
           5.67192          0.218813
           5.67813          0.218659
           5.68436          0.218309
           5.69060          0.217990
           5.69685          0.217655
           5.70312          0.217300
           5.70940          0.217046
           5.71569          0.216603
           5.72200          0.216008
           5.72833          0.215503
           5.73466          0.214913
           5.74101          0.214317
           5.74738          0.213663
           5.75376          0.212895
           5.76015          0.211996
           5.76656          0.211402
           5.77298          0.210296
           5.77941          0.209069
           5.78586          0.208237
           5.79233          0.207278
           5.79881          0.206231
           5.80530          0.205266
           5.81181          0.204320
           5.81833          0.203471
           5.82487          0.202609
           5.83142          0.201539
           5.83799          0.200604
           5.84457          0.199908
           5.85117          0.199214
           5.85778          0.198489
           5.86441          0.197756
           5.87105          0.197043
           5.87770          0.196528
           5.88438          0.196105
           5.89106          0.195208
           5.89776          0.194792
           5.90448          0.194201
           5.91121          0.193631
           5.91796          0.193450
           5.92473          0.193103
           5.93150          0.192888
           5.93830          0.192888
           5.94511          0.192486
           5.95193          0.192216
           5.95878          0.192235
           5.96563          0.192192
           5.97251          0.192230
           5.97939          0.192022
           5.98630          0.191979
           5.99322          0.191941
           6.00016          0.191719
           6.00711          0.191650
           6.01408          0.191670
           6.02106          0.191463
           6.02806          0.191214
           6.03508          0.191035
           6.04212          0.190929
           6.04917          0.191007
           6.05623          0.190534
           6.06332          0.189877
           6.07042          0.189913
           6.07753          0.189714
           6.08467          0.189263
           6.09182          0.188941
           6.09898          0.188748
           6.10617          0.188458
           6.11337          0.188272
           6.12058          0.187894
           6.12782          0.187384
           6.13507          0.187146
           6.14234          0.186966
           6.14963          0.186681
           6.15693          0.186416
           6.16425          0.186161
           6.17159          0.185792
           6.17895          0.185577
           6.18632          0.185568
           6.19371          0.185237
           6.20112          0.184901
           6.20854          0.184860
           6.21599          0.184707
           6.22345          0.184563
           6.23093          0.184412
           6.23843          0.184300
           6.24595          0.184171
           6.25348          0.184071
           6.26103          0.183926
           6.26860          0.183782
           6.27619          0.183697
           6.28380          0.183650
           6.29143          0.183592
           6.29907          0.183587
           6.30673          0.183572
           6.31442          0.183599
           6.32212          0.183717
           6.32984          0.183961
           6.33757          0.184383
           6.34533          0.184995
           6.35311          0.185461
           6.36090          0.186058
           6.36872          0.187036
           6.37655          0.187999
           6.38440          0.188904
           6.39227          0.189912
           6.40017          0.190928
           6.40808          0.192090
           6.41601          0.193377
           6.42396          0.194080
           6.43193          0.194974
           6.43992          0.196170
           6.44793          0.197243
           6.45596          0.198404
           6.46401          0.199495
           6.47208          0.200594
           6.48017          0.201705
           6.48828          0.202827
           6.49641          0.203895
           6.50456          0.204692
           6.51273          0.205498
           6.52092          0.206589
           6.52914          0.207494
           6.53737          0.208279
           6.54563          0.209057
           6.55390          0.209758
           6.56220          0.210372
           6.57051          0.211006
           6.57885          0.211512
           6.58721          0.211718
           6.59559          0.212182
           6.60399          0.212484
           6.61242          0.212732
           6.62086          0.212951
           6.62933          0.213160
           6.63782          0.213474
           6.64633          0.213377
           6.65486          0.213125
           6.66341          0.213310
           6.67199          0.213425
           6.68059          0.213424
           6.68921          0.213349
           6.69785          0.213177
           6.70651          0.213225
           6.71520          0.213194
           6.72391          0.213038
           6.73264          0.212952
           6.74140          0.212818
           6.75018          0.212731
           6.75898          0.212614
           6.76780          0.212519
           6.77665          0.212453
           6.78552          0.212411
           6.79441          0.212394
           6.80333          0.212130
           6.81227          0.211963
           6.82123          0.211956
           6.83022          0.211900
           6.83923          0.211597
           6.84826          0.211353
           6.85732          0.211335
           6.86640          0.211249
           6.87551          0.210701
           6.88464          0.210269
           6.89380          0.210104
           6.90298          0.209835
           6.91218          0.209528
           6.92141          0.209038
           6.93066          0.208596
           6.93994          0.208157
           6.94924          0.207641
           6.95857          0.207228
           6.96792          0.206720
           6.97730          0.205951
           6.98670          0.205424
           6.99613          0.204834
           7.00559          0.204188
           7.01507          0.203551
           7.02457          0.203030
           7.03410          0.202483
           7.04366          0.202096
           7.05325          0.201556
           7.06285          0.200833
           7.07249          0.200351
           7.08215          0.199875
           7.09184          0.199282
           7.10155          0.198710
           7.11130          0.198178
           7.12106          0.197621
           7.13086          0.196944
           7.14068          0.196272
           7.15053          0.195603
           7.16041          0.194808
           7.17031          0.194120
           7.18024          0.193394
           7.19020          0.192639
           7.20019          0.191962
           7.21020          0.191279
           7.22024          0.190518
           7.23031          0.189740
           7.24041          0.188955
           7.25054          0.188141
           7.26069          0.187356
           7.27088          0.186625
           7.28109          0.185915
           7.29133          0.185147
           7.30160          0.184397
           7.31190          0.183686
           7.32222          0.182904
           7.33258          0.182130
           7.34297          0.181441
           7.35338          0.180714
           7.36383          0.179977
           7.37430          0.179281
           7.38481          0.178619
           7.39534          0.177851
           7.40591          0.177049
           7.41650          0.176226
           7.42713          0.175470
           7.43778          0.174800
           7.44847          0.174251
           7.45919          0.173758
           7.46994          0.173186
           7.48071          0.172575
           7.49152          0.172016
           7.50237          0.171461
           7.51324          0.170847
           7.52414          0.170230
           7.53508          0.169632
           7.54605          0.169016
           7.55705          0.168379
           7.56808          0.167762
           7.57915          0.167160
           7.59024          0.166544
           7.60137          0.165887
           7.61253          0.165156
           7.62373          0.164414
           7.63496          0.163596
           7.64622          0.162801
           7.65751          0.162039
           7.66884          0.161287
           7.68020          0.160492
           7.69159          0.159679
           7.70302          0.158885
           7.71449          0.158147
           7.72598          0.157359
           7.73752          0.156500
           7.74908          0.155677
           7.76068          0.154873
           7.77232          0.153997
           7.78399          0.153148
           7.79569          0.152274
           7.80743          0.151404
           7.81921          0.150519
           7.83102          0.149644
           7.84287          0.148803
           7.85475          0.147907
           7.86667          0.147003
           7.87862          0.146164
           7.89062          0.145385
           7.90264          0.144580
           7.91471          0.143652
           7.92681          0.142649
           7.93895          0.141631
           7.95113          0.140595
           7.96334          0.139576
           7.97559          0.138449
           7.98788          0.137234
           8.00021          0.136039
           8.01257          0.134865
           8.02498          0.133614
           8.03742          0.132329
           8.04990          0.131028
           8.06242          0.129717
           8.07498          0.128406
           8.08757          0.127025
           8.10021          0.125546
           8.11289          0.124032
           8.12560          0.122485
           8.13836          0.120864
           8.15116          0.119152
           8.16399          0.117413
           8.17687          0.115598
           8.18979          0.113713
           8.20275          0.111802
           8.21575          0.109881
           8.22879          0.107953
           8.24187          0.106033
           8.25499          0.104107
           8.26816          0.102238
           8.28137          0.100333
           8.29462          0.098380
           8.30791          0.096393
           8.32124          0.094400
           8.33462          0.092409
           8.34804          0.090441
           8.36151          0.088486
           8.37502          0.086553
           8.38857          0.084553
           8.40216          0.082574
           8.41580          0.080654
           8.42949          0.078836
           8.44322          0.077008
           8.45699          0.075240
           8.47081          0.073442
           8.48467          0.071706
           8.49858          0.070075
           8.51254          0.068526
           8.52654          0.066956
           8.54058          0.065460
           8.55468          0.064004
           8.56882          0.062662
           8.58300          0.061398
           8.59724          0.060224
           8.61152          0.059069
           8.62585          0.058004
           8.64023          0.057078
           8.65465          0.056281
           8.66912          0.055585
           8.68364          0.055058
           8.69821          0.054701
           8.71283          0.054494
           8.72750          0.054412
           8.74222          0.054629
           8.75699          0.055034
           8.77180          0.055643
           8.78667          0.056471
           8.80159          0.057622
           8.81656          0.058972
           8.83158          0.060597
           8.84665          0.062496
           8.86177          0.064696
           8.87694          0.067046
           8.89217          0.069630
           8.90745          0.072353
           8.92278          0.075250
           8.93816          0.078380
           8.95360          0.081647
           8.96909          0.085011
           8.98464          0.088608
           9.00023          0.092385
           9.01589          0.096226
           9.03159          0.100148
           9.04736          0.104160
           9.06317          0.108139
           9.07905          0.112063
           9.09497          0.115796
           9.11096          0.119314
           9.12700          0.122424
           9.14310          0.124954
           9.15925          0.126879
           9.17546          0.128236
           9.19173          0.129191
           9.20806          0.130117
           9.22444          0.131406
           9.24088          0.133288
           9.25738          0.135704
           9.27394          0.138430
           9.29056          0.141167
           9.30724          0.143445
           9.32398          0.144903
           9.34078          0.145440
           9.35764          0.144950
           9.37457          0.143583
           9.39155          0.141622
           9.40859          0.139427
           9.42570          0.137409
           9.44287          0.135762
           9.46010          0.134767
           9.47740          0.134573
           9.49475          0.135197
           9.51217          0.136690
           9.52966          0.138884
           9.54721          0.141734
           9.56483          0.145107
           9.58250          0.148740
           9.60025          0.152609
           9.61806          0.156695
           9.63594          0.160899
           9.65388          0.165325
           9.67189          0.169799
           9.68997          0.173873
           9.70812          0.176996
           9.72633          0.178716
           9.74462          0.179043
           9.76297          0.178156
           9.78139          0.176313
           9.79988          0.173684
           9.81844          0.170388
           9.83707          0.166510
           9.85577          0.162241
           9.87454          0.157717
           9.89339          0.153039
           9.91230          0.148359
           9.93129          0.143722
           9.95036          0.139180
           9.96949          0.134778
           9.98870          0.130590
          10.00798          0.126622
          10.02734          0.122967
          10.04677          0.119675
          10.06628          0.116689
          10.08587          0.113955
          10.10553          0.111480
          10.12526          0.109096
          10.14508          0.106773
          10.16497          0.104596
          10.18494          0.102569
          10.20499          0.100661
          10.22512          0.098989
          10.24533          0.097650
          10.26561          0.096657
          10.28598          0.096022
          10.30643          0.095785
          10.32696          0.095800
          10.34757          0.095940
          10.36827          0.096123
          10.38905          0.096284
          10.40991          0.096329
          10.43086          0.096142
          10.45188          0.095565
          10.47300          0.094709
          10.49420          0.093691
          10.51549          0.092502
          10.53686          0.091109
          10.55832          0.089620
          10.57987          0.088053
          10.60150          0.086422
          10.62323          0.084823
          10.64504          0.083369
          10.66694          0.082050
          10.68894          0.080807
          10.71102          0.079752
          10.73320          0.078919
          10.75547          0.078191
          10.77783          0.077678
          10.80028          0.077204
          10.82283          0.076671
          10.84547          0.076286
          10.86821          0.075984
          10.89104          0.075542
          10.91397          0.075160
          10.93699          0.074812
          10.96012          0.074404
          10.98334          0.073972
          11.00666          0.073656
          11.03007          0.073348
          11.05359          0.073106
          11.07721          0.072969
          11.10093          0.072818
          11.12475          0.072689
          11.14868          0.072654
          11.17271          0.072594
          11.19684          0.072431
          11.22107          0.072153
          11.24541          0.071792
          11.26986          0.071387
          11.29441          0.070889
          11.31907          0.070380
          11.34384          0.069837
          11.36872          0.069158
          11.39370          0.068477
          11.41880          0.067805
          11.44401          0.067126
          11.46933          0.066490
          11.49476          0.065974
          11.52030          0.065447
          11.54596          0.065005
          11.57173          0.064658
          11.59762          0.064345
          11.62362          0.064019
          11.64974          0.063709
          11.67598          0.063337
          11.70234          0.062942
          11.72881          0.062539
          11.75541          0.062003
          11.78213          0.061371
          11.80896          0.060661
          11.83592          0.059872
          11.86301          0.058873
          11.89022          0.057616
          11.91755          0.056270
          11.94501          0.054875
          11.97260          0.053298
          12.00031          0.051550
          12.02816          0.049946
          12.05613          0.048427
          12.08423          0.047030
          12.11246          0.045822
          12.14083          0.044868
          12.16933          0.044065
          12.19796          0.043474
          12.22673          0.043013
          12.25564          0.042545
          12.28468          0.042055
          12.31386          0.041664
          12.34318          0.041256
          12.37264          0.040893
          12.40224          0.040578
          12.43198          0.040191
          12.46186          0.039892
          12.49189          0.039726
          12.52207          0.039599
          12.55238          0.039543
          12.58285          0.039560
          12.61347          0.039612
          12.64423          0.039848
          12.67515          0.040280
          12.70621          0.040700
          12.73743          0.041164
          12.76881          0.041695
          12.80033          0.042363
          12.83202          0.043004
          12.86386          0.043658
          12.89586          0.044358
          12.92802          0.045049
          12.96034          0.045764
          12.99282          0.046444
          13.02546          0.047038
          13.05827          0.047754
          13.09125          0.048430
          13.12439          0.049002
          13.15770          0.049486
          13.19118          0.049828
          13.22483          0.050076
          13.25866          0.050433
          13.29265          0.050540
          13.32683          0.050428
          13.36117          0.050257
          13.39570          0.050132
          13.43040          0.050008
          13.46529          0.049889
          13.50035          0.049709
          13.53560          0.049534
          13.57103          0.049501
          13.60665          0.049503
          13.64246          0.049509
          13.67846          0.049584
          13.71464          0.049682
          13.75102          0.049775
          13.78759          0.049914
          13.82436          0.049936
          13.86132          0.049939
          13.89849          0.049846
          13.93585          0.049621
          13.97341          0.049379
          14.01117          0.049091
          14.04915          0.048586
          14.08732          0.048277
          14.12571          0.048373
          14.16430          0.048283
          14.20311          0.048195
          14.24213          0.048318
          14.28136          0.048499
          14.32081          0.048558
          14.36049          0.048799
          14.40038          0.049175
          14.44049          0.049767
          14.48082          0.050497
          14.52139          0.051287
          14.56218          0.052021
          14.60320          0.052749
          14.64445          0.053362
          14.68593          0.053867
          14.72766          0.054086
          14.76962          0.054233
          14.81181          0.054383
          14.85425          0.054431
          14.89694          0.054405
          14.93987          0.054662
          14.98305          0.055252
          15.02648          0.055991
          15.07016          0.056562
          15.11410          0.057556
          15.15829          0.058836
          15.20274          0.060183
          15.24746          0.061481
          15.29243          0.062755
          15.33768          0.063804
          15.38319          0.064567
          15.42897          0.065014
          15.47503          0.065186
          15.52136          0.064877
          15.56797          0.064458
          15.61487          0.063971
          15.66204          0.063424
          15.70950          0.062809
          15.75725          0.062214
          15.80529          0.061550
          15.85362          0.061081
          15.90226          0.060625
          15.95119          0.060248
          16.00042          0.059978
          16.04995          0.059673
          16.09980          0.059389
          16.14995          0.059134
          16.20042          0.058925
          16.25121          0.058794
          16.30231          0.058653
          16.35374          0.058647
          16.40549          0.058536
          16.45757          0.058366
          16.50998          0.058189
          16.56273          0.057801
          16.61582          0.057276
          16.66924          0.056825
          16.72302          0.056201
          16.77714          0.055307
          16.83161          0.054355
          16.88643          0.053313
          16.94162          0.051932
          16.99716          0.050525
          17.05308          0.049245
          17.10936          0.047974
          17.16601          0.046643
          17.22304          0.045473
          17.28045          0.044566
          17.33824          0.043963
          17.39643          0.043752
          17.45500          0.044179
          17.51397          0.045380
          17.57334          0.047611
          17.63311          0.050841
          17.69329          0.055178
          17.75389          0.060065
          17.81490          0.065046
          17.87633          0.069580
          17.93818          0.072979
          18.00047          0.074721
          18.06319          0.074833
          18.12635          0.073508
          18.18995          0.071925
          18.25400          0.071011
          18.31850          0.070789
          18.38346          0.071441
          18.44888          0.073251
          18.51477          0.075304
          18.58113          0.077699
          18.64797          0.080524
          18.71529          0.083757
          18.78310          0.087626
          18.85140          0.092591
          18.92020          0.098419
          18.98951          0.104482
          19.05932          0.110955
          19.12965          0.117905
          19.20050          0.125250
          19.27188          0.133011
          19.34379          0.140934
          19.41624          0.148866
          19.48923          0.155610
          19.56277          0.160716
          19.63688          0.164290
          19.71154          0.166508
          19.78678          0.167933
          19.86259          0.169068
          19.93898          0.170064
          20.01596          0.170645
          20.09355          0.170153
          20.17173          0.168514
          20.25053          0.166972
          20.32994          0.165979
          20.40998          0.166099
          20.49065          0.167983
          20.57196          0.171265
          20.65392          0.175584
          20.73654          0.180003
          20.81982          0.183725
          20.90377          0.186655
          20.98840          0.188412
          21.07372          0.188824
          21.15973          0.188479
          21.24646          0.187474
          21.33389          0.185653
          21.42204          0.183582
          21.51093          0.181070
          21.60056          0.177965
          21.69094          0.174210
          21.78208          0.169082
          21.87399          0.163860
          21.96667          0.158541
          22.06015          0.152517
          22.15442          0.147006
          22.24951          0.142591
          22.34541          0.139343
          22.44214          0.138079
          22.53972          0.137795
          22.63814          0.137498
          22.73743          0.136649
          22.83760          0.134777
          22.93865          0.131658
          23.04060          0.127823
          23.14346          0.124354
          23.24724          0.121427
          23.35196          0.118202
          23.45763          0.115581
          23.56425          0.113206
          23.67185          0.111500
          23.78044          0.109927
          23.89002          0.108360
          24.00063          0.107167
          24.11226          0.106018
          24.22493          0.103762
          24.33866          0.101455
          24.45347          0.100424
          24.56936          0.099479
          24.68636          0.097542
          24.80447          0.097380
          24.92373          0.096530
          25.04413          0.094765
          25.16571          0.094178
          25.28846          0.093912
          25.41243          0.093471
          25.53761          0.093885
          25.66404          0.093980
          25.79172          0.094395
          25.92068          0.096176