           0.30000          0.703881
           0.30500          0.705911
           0.31000          0.708967
           0.31500          0.713746
           0.32000          0.716793
           0.32500          0.719743
           0.33000          0.725951
           0.33500          0.728282
           0.34000          0.730540
           0.34500          0.737013
           0.35000          0.741702
           0.35500          0.746255
           0.36000          0.750627
           0.36500          0.758057
           0.37000          0.761554
           0.37500          0.767131
           0.38000          0.771290
           0.38500          0.774914
           0.39000          0.778522
           0.39500          0.783593
           0.40000          0.788566
           0.40500          0.788501
           0.41000          0.794047
           0.41500          0.796228
           0.42000          0.797856
           0.42500          0.801680
           0.43000          0.809895
           0.43500          0.811675
           0.44000          0.814735
           0.44500          0.816908
           0.45000          0.819356
           0.45500          0.822203
           0.46000          0.824165
           0.46500          0.824448
           0.47000          0.827377
           0.47500          0.828971
           0.48000          0.832568
           0.48500          0.832729
           0.49000          0.833893
           0.49500          0.835316
           0.50000          0.839133
           0.50500          0.837562
           0.51000          0.839898
           0.51500          0.840918
           0.52000          0.843542
           0.52500          0.844204
           0.53000          0.847597
           0.53500          0.849061
           0.54000          0.849225
           0.54500          0.849101
           0.55000          0.851016
           0.55500          0.850693
           0.56000          0.853482
           0.56500          0.854058
           0.57000          0.855069
           0.57500          0.859151
           0.58000          0.859146
           0.58500          0.859170
           0.59000          0.860655
           0.59500          0.860884
           0.60000          0.861948
           0.60500          0.861518
           0.61000          0.863592
           0.61500          0.864649
           0.62000          0.866264
           0.62500          0.865560
           0.63000          0.864102
           0.63500          0.867143
           0.64000          0.867858
           0.64500          0.867510
           0.65000          0.869607
           0.65500          0.869204
           0.66000          0.871399
           0.66500          0.869347
           0.67000          0.870448
           0.67500          0.869328
           0.68000          0.871756
           0.68500          0.870721
           0.69000          0.872135
           0.69500          0.871914
           0.70000          0.872963
           0.70500          0.874318
           0.71000          0.875052
           0.71500          0.874188
           0.72000          0.875528
           0.72500          0.877596
           0.73000          0.877076
           0.73500          0.878661
           0.74000          0.877141
           0.74500          0.879104
           0.75000          0.878404
           0.75500          0.878252
           0.76000          0.880395
           0.76500          0.880653
           0.77000          0.884605
           0.77500          0.883765
           0.78000          0.886925
           0.78500          0.882124
           0.79000          0.883638
           0.79500          0.881680
           0.80000          0.883919
           0.80500          0.883121
           0.81000          0.883951
           0.81500          0.883831
           0.82000          0.884102
           0.82500          0.884651
           0.83000          0.883564
           0.83500          0.885988
           0.84000          0.883471
           0.84500          0.884758
           0.85000          0.883739
           0.85500          0.885055
           0.86000          0.884021
           0.86500          0.883684
           0.87000          0.885235
           0.87500          0.885331
           0.88000          0.883863
           0.88500          0.884721
           0.89000          0.884441
           0.89500          0.884879
           0.90000          0.884870
           0.90500          0.883432
           0.91000          0.884097
           0.91500          0.883821
           0.92000          0.883272
           0.92500          0.886022
           0.93000          0.884338
           0.93500          0.885198
           0.94000          0.884457
           0.94500          0.885043
           0.95000          0.884706
           0.95500          0.884610
           0.96000          0.884553
           0.96500          0.885645
           0.97000          0.883791
           0.97500          0.885464
           0.98000          0.885478
           0.98500          0.884639
           0.99000          0.885168
           0.99500          0.885109
           1.00000          0.885826
           1.00500          0.884412
           1.01000          0.882125
           1.01500          0.882900
           1.02000          0.883116
           1.02500          0.884426
           1.03000          0.884404
           1.03500          0.884107
           1.04000          0.884982
           1.04500          0.882639
           1.05000          0.883643
           1.05500          0.884304
           1.06000          0.881527
           1.06500          0.884828
           1.07000          0.881691
           1.07500          0.883519
           1.08000          0.885806
           1.08500          0.884876
           1.09000          0.885847
           1.09500          0.884743
           1.10000          0.884718
           1.10500          0.883512
           1.11000          0.886136
           1.11500          0.883318
           1.12000          0.884038
           1.12500          0.885390
           1.13000          0.884627
           1.13500          0.885516
           1.14000          0.884500
           1.14500          0.886614
           1.15000          0.886145
           1.15500          0.886000
           1.16000          0.882978
           1.16500          0.885160
           1.17000          0.886036
           1.17500          0.888191
           1.18000          0.885811
           1.18500          0.884906
           1.19000          0.886651
           1.19500          0.886946
           1.20000          0.886828
           1.20500          0.889363
           1.21000          0.886486
           1.21500          0.886453
           1.22000          0.888116
           1.22500          0.887236
           1.23000          0.887788
           1.23500          0.886807
           1.24000          0.888764
           1.24500          0.889012
           1.25000          0.888148
           1.25500          0.889274
           1.26000          0.889741
           1.26500          0.888761
           1.27000          0.889037
           1.27500          0.888699
           1.28000          0.887915
           1.28500          0.888622
           1.29000          0.889957
           1.29500          0.888671
           1.30000          0.891834
           1.30500          0.888376
           1.31000          0.888479
           1.31500          0.890015
           1.32000          0.889831
           1.32500          0.890157
           1.33000          0.890145
           1.33500          0.889058
           1.34000          0.889813
           1.34500          0.888843
           1.35000          0.888462
           1.35500          0.885484
           1.36000          0.883865
           1.36500          0.883510
           1.37000          0.886686
           1.37500          0.886152
           1.38000          0.886519
           1.38500          0.886166
           1.39000          0.887296
           1.39500          0.884768
           1.40000          0.886661
           1.40500          0.887692
           1.41000          0.888029
           1.41500          0.885738
           1.42000          0.888415
           1.42500          0.889503
           1.43000          0.890299
           1.43500          0.890279
           1.44000          0.889675
           1.44500          0.890263
           1.45000          0.890076
           1.45500          0.890162
           1.46000          0.890837
           1.46500          0.889425
           1.47000          0.890744
           1.47500          0.892781
           1.48000          0.891982
           1.48500          0.891148
           1.49000          0.890801
           1.49500          0.893398
           1.50000          0.892327
           1.50500          0.893276
           1.51000          0.893309
           1.51500          0.892608
           1.52000          0.893061
           1.52500          0.893660
           1.53000          0.892794
           1.53500          0.893209
           1.54000          0.894726
           1.54500          0.893638
           1.55000          0.893588
           1.55500          0.893999
           1.56000          0.893671
           1.56500          0.895327
           1.57000          0.894073
           1.57500          0.894312
           1.58000          0.894230
           1.58500          0.893220
           1.59000          0.894795
           1.59500          0.893956
           1.60000          0.898547
           1.60500          0.896423
           1.61000          0.896532
           1.61500          0.895728
           1.62000          0.895334
           1.62500          0.897145
           1.63000          0.894768
           1.63500          0.896774
           1.64000          0.897989
           1.64500          0.899081
           1.65000          0.896902
           1.65500          0.899300
           1.66000          0.896395
           1.66500          0.896650
           1.67000          0.897183
           1.67500          0.898005
           1.68000          0.898315
           1.68500          0.897673
           1.69000          0.897537
           1.69500          0.897267
           1.70000          0.901421
           1.70500          0.898002
           1.71000          0.899557
           1.71500          0.898770
           1.72000          0.898915
           1.72500          0.898056
           1.73000          0.897835
           1.73500          0.897875
           1.74000          0.897193
           1.74500          0.896714
           1.75000          0.897538
           1.75500          0.895049
           1.76000          0.894779
           1.76500          0.893799
           1.77000          0.894448
           1.77500          0.895486
           1.78000          0.894423
           1.78500          0.894230
           1.79000          0.893787
           1.79500          0.891777
           1.80000          0.891754
           1.80500          0.890930
           1.81000          0.892332
           1.81500          0.892405
           1.82000          0.891858
           1.82500          0.893300
           1.83000          0.890991
           1.83500          0.890390
           1.84000          0.887840
           1.84500          0.887094
           1.85000          0.886996
           1.85500          0.886014
           1.86000          0.885730
           1.86500          0.883713
           1.87000          0.881833
           1.87500          0.878544
           1.88000          0.876167
           1.88500          0.880687
           1.89000          0.882298
           1.89500          0.880872
           1.90000          0.882375
           1.90500          0.882212
           1.91000          0.882217
           1.91500          0.881016
           1.92000          0.880512
           1.92500          0.880984
           1.93000          0.880931
           1.93500          0.880931
           1.94000          0.878542
           1.94500          0.878302
           1.95000          0.876131
           1.95500          0.875560
           1.96000          0.875329
           1.96500          0.875525
           1.97000          0.873896
           1.97500          0.874230
           1.98000          0.874226
           1.98500          0.872838
           1.99000          0.871104
           1.99500          0.869493
           2.00000          0.870411
           2.00500          0.872682
           2.01000          0.874482
           2.01500          0.875899
           2.02000          0.876683
           2.02500          0.877242
           2.03000          0.876719
           2.03500          0.877659
           2.04000          0.879412
           2.04500          0.876948
           2.05000          0.879238
           2.05500          0.875944
           2.06000          0.876735
           2.06500          0.875611
           2.07000          0.876671
           2.07500          0.876348
           2.08000          0.877129
           2.08500          0.874456
           2.09000          0.875536
           2.09500          0.875387
           2.10000          0.874776
           2.10500          0.872984
           2.11000          0.872752
           2.11500          0.874142
           2.12000          0.871585
           2.12500          0.871432
           2.13000          0.871458
           2.13500          0.869326
           2.14000          0.866110
           2.14500          0.864336
           2.15000          0.863705
           2.15500          0.862806
           2.16000          0.862588
           2.16500          0.864982
           2.17000          0.864421
           2.17500          0.866760
           2.18000          0.866647
           2.18500          0.866661
           2.19000          0.865832
           2.19500          0.867178
           2.20000          0.866799
           2.20500          0.866762
           2.21000          0.864280
           2.21500          0.865334
           2.22000          0.864978
           2.22500          0.863015
           2.23000          0.861735
           2.23500          0.859530
           2.24000          0.856472
           2.24500          0.854279
           2.25000          0.852502
           2.25500          0.848501
           2.26000          0.846384
           2.26500          0.839537
           2.27000          0.837109
           2.27500          0.830991
           2.28000          0.823039
           2.28500          0.817875
           2.29000          0.813511
           2.29500          0.809331
           2.30000          0.804752
           2.30500          0.801883
           2.31000          0.800806
           2.31500          0.794965
           2.32000          0.789390
           2.32500          0.780401
           2.33000          0.770062
           2.33500          0.762594
           2.34000          0.760977
           2.34500          0.766729
           2.35000          0.778135
           2.35500          0.796771
           2.36000          0.814058
           2.36500          0.829000
           2.37000          0.838833
           2.37500          0.844425
           2.38000          0.848760
           2.38500          0.850398
           2.39000          0.852472
           2.39500          0.851784
           2.40000          0.850719
           2.40500          0.851585
           2.41000          0.850134
           2.41500          0.849513
           2.42000          0.845990
           2.42500          0.842124
           2.43000          0.839672
           2.43500          0.834979
           2.44000          0.829164
           2.44500          0.824511
           2.45000          0.818686
           2.45500          0.811641
           2.46000          0.803311
           2.46500          0.793873
           2.47000          0.782188
           2.47500          0.771540
           2.48000          0.760766
           2.48500          0.753161
           2.49000          0.748323
           2.49500          0.744043
           2.50000          0.739379
           2.50500          0.737427
           2.51000          0.733463
           2.51500          0.727159
           2.52000          0.715851
           2.52500          0.700543
           2.53000          0.685311
           2.53500          0.679842
           2.54000          0.686672
           2.54500          0.708707
           2.55000          0.737893
           2.55500          0.768193
           2.56000          0.787248
           2.56500          0.810449
           2.57000          0.816824
           2.57500          0.822299
           2.58000          0.825714
           2.58500          0.831890
           2.59000          0.834849
           2.59500          0.847613
           2.60000          0.847506
           2.60500          0.851292
           2.61000          0.852798
           2.61500          0.846093
           2.62000          0.859364
           2.62500          0.848158
           2.63000          0.853266
           2.63422          0.853353
           2.63689          0.853342
           2.63958          0.853612
           2.64227          0.853423
           2.64497          0.853021
           2.64767          0.852605
           2.65038          0.852479
           2.65309          0.851923
           2.65581          0.850716
           2.65853          0.849604
           2.66126          0.848797
           2.66400          0.848017
           2.66674          0.846164
           2.66948          0.844363
           2.67223          0.843209
           2.67499          0.842167
           2.67776          0.840566
           2.68052          0.838412
           2.68330          0.836167
           2.68608          0.832499
           2.68887          0.827621
           2.69166          0.821334
           2.69446          0.813341
           2.69726          0.804847
           2.70007          0.797214
           2.70289          0.789868
           2.70571          0.783410
           2.70853          0.778305
           2.71137          0.773832
           2.71421          0.769489
           2.71705          0.766042
           2.71990          0.760227
           2.72276          0.753230
           2.72562          0.750433
           2.72849          0.749618
           2.73137          0.747342
           2.73425          0.743978
           2.73714          0.739565
           2.74003          0.736575
           2.74293          0.734236
           2.74583          0.732656
           2.74875          0.731872
           2.75166          0.729544
           2.75459          0.726278
           2.75752          0.722099
           2.76046          0.717270
           2.76340          0.712592
           2.76635          0.708994
           2.76930          0.705354
           2.77226          0.699966
           2.77523          0.692955
           2.77821          0.684682
           2.78119          0.675884
           2.78418          0.666922
           2.78717          0.659342
           2.79017          0.655355
           2.79318          0.657219
           2.79619          0.663223
           2.79921          0.671052
           2.80224          0.676615
           2.80527          0.680259
           2.80831          0.683294
           2.81135          0.685657
           2.81441          0.687626
           2.81746          0.689710
           2.82053          0.691623
           2.82360          0.692986
           2.82668          0.693130
           2.82977          0.692874
           2.83286          0.693395
           2.83596          0.694179
           2.83907          0.694056
           2.84218          0.693619
           2.84530          0.693469
           2.84843          0.692651
           2.85156          0.691346
           2.85470          0.690063
           2.85785          0.689567
           2.86100          0.688801
           2.86416          0.687654
           2.86733          0.686311
           2.87051          0.684759
           2.87369          0.683926
           2.87688          0.683315
           2.88007          0.681489
           2.88328          0.680003
           2.88649          0.678825
           2.88971          0.677870
           2.89293          0.676968
           2.89617          0.675650
           2.89940          0.674188
           2.90265          0.673034
           2.90591          0.671926
           2.90917          0.670776
           2.91244          0.670090
           2.91571          0.669052
           2.91899          0.667831
           2.92229          0.666919
           2.92558          0.666177
           2.92889          0.665496
           2.93220          0.664782
           2.93552          0.664003
           2.93885          0.663293
           2.94219          0.662069
           2.94553          0.661496
           2.94888          0.660971
           2.95224          0.659674
           2.95561          0.659020
           2.95898          0.659261
           2.96236          0.658838
           2.96575          0.658397
           2.96915          0.657726
           2.97255          0.656904
           2.97597          0.656779
           2.97939          0.656960
           2.98282          0.656485
           2.98625          0.655750
           2.98970          0.655212
           2.99315          0.654530
           2.99661          0.654551
           3.00008          0.653670
           3.00182          0.653433
           3.00355          0.653094
           3.00530          0.652797
           3.00704          0.652493
           3.00878          0.652251
           3.01053          0.651814
           3.01228          0.651662
           3.01403          0.651353
           3.01579          0.651013
           3.01754          0.650479
           3.01930          0.650182
           3.02106          0.649739
           3.02282          0.649321
           3.02458          0.648757
           3.02635          0.648356
           3.02812          0.647962
           3.02989          0.647604
           3.03166          0.647173
           3.03343          0.646700
           3.03521          0.646106
           3.03699          0.645542
           3.03877          0.645020
           3.04055          0.644492
           3.04233          0.643819
           3.04412          0.643218
           3.04591          0.642618
           3.04770          0.641987
           3.04949          0.641295
           3.05129          0.640743
           3.05308          0.640034
           3.05488          0.639172
           3.05668          0.638335
           3.05849          0.637474
           3.06029          0.636661
           3.06210          0.635939
           3.06391          0.635193
           3.06572          0.634514
           3.06754          0.633822
           3.06935          0.633185
           3.07117          0.632439
           3.07299          0.631893
           3.07481          0.631250
           3.07664          0.630565
           3.07847          0.629606
           3.08029          0.628563
           3.08213          0.627265
           3.08396          0.626027
           3.08579          0.624365
           3.08763          0.622485
           3.08947          0.620501
           3.09131          0.618512
           3.09316          0.616285
           3.09501          0.614199
           3.09685          0.612209
           3.09871          0.610195
           3.10056          0.608193
           3.10241          0.606313
           3.10427          0.604372
           3.10613          0.602843
           3.10799          0.601393
           3.10986          0.600441
           3.11173          0.599944
           3.11359          0.600126
           3.11547          0.600787
           3.11734          0.601970
           3.11921          0.603583
           3.12109          0.605549
           3.12297          0.607556
           3.12486          0.609376
           3.12674          0.610711
           3.12863          0.611517
           3.13052          0.611633
           3.13241          0.611517
           3.13430          0.611020
           3.13620          0.610177
           3.13810          0.609164
           3.14000          0.608121
           3.14190          0.606974
           3.14381          0.605731
           3.14571          0.604681
           3.14762          0.603723
           3.14954          0.602770
           3.15145          0.602176
           3.15337          0.601806
           3.15529          0.601951
           3.15721          0.602600
           3.15913          0.603953
           3.16106          0.605882
           3.16299          0.608290
           3.16492          0.610826
           3.16685          0.613410
           3.16879          0.615800
           3.17072          0.617984
           3.17267          0.619755
           3.17461          0.621284
           3.17655          0.622424
           3.17850          0.623310
           3.18045          0.623922
           3.18240          0.624505
           3.18436          0.624772
           3.18632          0.624838
           3.18827          0.624923
           3.19024          0.625002
           3.19220          0.624875
           3.19417          0.624784
           3.19614          0.624493
           3.19811          0.624298
           3.20008          0.623904
           3.20206          0.623589
           3.20404          0.623116
           3.20602          0.622509
           3.20800          0.621902
           3.20999          0.621356
           3.21198          0.620677
           3.21397          0.620077
           3.21596          0.619421
           3.21796          0.618785
           3.21996          0.618002
           3.22196          0.617292
           3.22396          0.616419
           3.22597          0.615636
           3.22798          0.614690
           3.22999          0.613744
           3.23200          0.612791
           3.23402          0.611821
           3.23604          0.610759
           3.23806          0.609613
           3.24008          0.608454
           3.24211          0.607399
           3.24414          0.606283
           3.24617          0.605354
           3.24820          0.604323
           3.25024          0.603304
           3.25228          0.602170
           3.25432          0.601090
           3.25637          0.599834
           3.25841          0.598439
           3.26046          0.597014
           3.26251          0.595661
           3.26457          0.594236
           3.26663          0.592683
           3.26869          0.590966
           3.27075          0.589286
           3.27281          0.587387
           3.27488          0.585488
           3.27695          0.583402
           3.27902          0.581248
           3.28110          0.578840
           3.28318          0.576493
           3.28526          0.573957
           3.28734          0.571306
           3.28943          0.568704
           3.29151          0.566186
           3.29361          0.563469
           3.29570          0.560509
           3.29780          0.557397
           3.29990          0.554170
           3.30200          0.550688
           3.30410          0.547073
           3.30621          0.543275
           3.30832          0.539211
           3.31043          0.534880
           3.31255          0.530421
           3.31466          0.525544
           3.31679          0.520297
           3.31891          0.514437
           3.32103          0.508062
           3.32316          0.500923
           3.32529          0.493067
           3.32743          0.484011
           3.32957          0.473620
           3.33171          0.461378
           3.33385          0.447026
           3.33599          0.429945
           3.33814          0.409533
           3.34029          0.385263
           3.34245          0.357614
           3.34460          0.328546
           3.34676          0.301679
           3.34892          0.280448
           3.35109          0.266369
           3.35326          0.259096
           3.35543          0.256937
           3.35760          0.258447
           3.35978          0.262317
           3.36196          0.267443
           3.36414          0.272921
           3.36632          0.277895
           3.36851          0.281989
           3.37070          0.284974
           3.37289          0.286951
           3.37509          0.288098
           3.37729          0.288862
           3.37949          0.289499
           3.38169          0.290427
           3.38390          0.291592
           3.38611          0.292920
           3.38832          0.294382
           3.39054          0.295941
           3.39276          0.297409
           3.39498          0.298659
           3.39721          0.299750
           3.39943          0.300836
           3.40166          0.301819
           3.40390          0.302717
           3.40613          0.303536
           3.40837          0.304433
           3.41061          0.305270
           3.41286          0.306065
           3.41511          0.306666
           3.41736          0.307181
           3.41961          0.307545
           3.42187          0.307976
           3.42413          0.308346
           3.42639          0.308740
           3.42866          0.308959
           3.43093          0.309110
           3.43320          0.309050
           3.43548          0.308934
           3.43776          0.308692
           3.44004          0.308346
           3.44232          0.307751
           3.44461          0.307030
           3.44690          0.306059
           3.44919          0.304925
           3.45149          0.303384
           3.45379          0.301461
           3.45609          0.298895
           3.45840          0.295480
           3.46070          0.290797
           3.46302          0.284228
           3.46533          0.275123
           3.46765          0.263027
           3.46997          0.248529
           3.47229          0.233862
           3.47462          0.221257
           3.47695          0.212103
           3.47929          0.206741
           3.48162          0.205127
           3.48396          0.206468
           3.48630          0.209707
           3.48865          0.213856
           3.49100          0.218594
           3.49335          0.223865
           3.49571          0.229537
           3.49807          0.235409
           3.50043          0.241347
           3.50279          0.247243
           3.50516          0.253206
           3.50753          0.259327
           3.50991          0.265793
           3.51229          0.272733
           3.51467          0.280570
           3.51705          0.289923
           3.51944          0.301376
           3.52183          0.315564
           3.52423          0.332489
           3.52662          0.351627
           3.52902          0.371778
           3.53143          0.391711
           3.53383          0.410509
           3.53624          0.427749
           3.53866          0.443356
           3.54108          0.457260
           3.54350          0.469586
           3.54592          0.480407
           3.54835          0.490016
           3.55078          0.498442
           3.55321          0.505830
           3.55565          0.512151
           3.55809          0.517434
           3.56053          0.521668
           3.56298          0.524841
           3.56543          0.526782
           3.56788          0.527631
           3.57034          0.527704
           3.57280          0.528110
           3.57527          0.530203
           3.57773          0.534850
           3.58020          0.541552
           3.58268          0.549426
           3.58516          0.557330
           3.58764          0.564846
           3.59012          0.571810
           3.59261          0.578124
           3.59510          0.583760
           3.59760          0.588812
           3.60009          0.593356
           3.60260          0.597438
           3.60510          0.601017
           3.60761          0.604481
           3.61012          0.607490
           3.61264          0.610304
           3.61516          0.612822
           3.61768          0.615054
           3.62021          0.617086
           3.62274          0.619033
           3.62527          0.620804
           3.62781          0.622497
           3.63035          0.624032
           3.63289          0.625487
           3.63544          0.626840
           3.63799          0.628163
           3.64054          0.629321
           3.64310          0.630480
           3.64566          0.631614
           3.64823          0.632755
           3.65080          0.633737
           3.65337          0.634787
           3.65595          0.635721
           3.65853          0.636673
           3.66111          0.637559
           3.66370          0.638347
           3.66629          0.639027
           3.66889          0.639694
           3.67148          0.640210
           3.67409          0.640859
           3.67669          0.641314
           3.67930          0.641732
           3.68191          0.641951
           3.68453          0.642175
           3.68715          0.642266
           3.68978          0.642339
           3.69240          0.642193
           3.69504          0.641969
           3.69767          0.641684
           3.70031          0.641398
           3.70295          0.640907
           3.70560          0.640428
           3.70825          0.639779
           3.71091          0.639148
           3.71356          0.638329
           3.71623          0.637389
           3.71889          0.636303
           3.72156          0.635320
           3.72423          0.634077
           3.72691          0.632767
           3.72959          0.631171
           3.73228          0.629436
           3.73497          0.627344
           3.73766          0.625063
           3.74036          0.622485
           3.74306          0.619640
           3.74576          0.616862
           3.74847          0.614356
           3.75118          0.612009
           3.75390          0.609910
           3.75662          0.607726
           3.75934          0.605718
           3.76207          0.603474
           3.76480          0.600793
           3.76754          0.597426
           3.77028          0.593605
           3.77302          0.589292
           3.77577          0.584512
           3.77852          0.578992
           3.78128          0.572792
           3.78404          0.565653
           3.78680          0.557221
           3.78957          0.547000
           3.79234          0.534534
           3.79512          0.519278
           3.79790          0.501693
           3.80069          0.482749
           3.80347          0.463738
           3.80627          0.445401
           3.80906          0.428337
           3.81186          0.412614
           3.81467          0.398177
           3.81748          0.384747
           3.82029          0.372142
           3.82311          0.360137
           3.82593          0.348551
           3.82876          0.337226
           3.83159          0.326186
           3.83442          0.315382
           3.83726          0.305149
           3.84010          0.296038
           3.84295          0.288559
           3.84580          0.282838
           3.84865          0.278635
           3.85151          0.275317
           3.85438          0.272745
           3.85724          0.270700
           3.86012          0.268947
           3.86299          0.267328
           3.86587          0.265878
           3.86876          0.264586
           3.87165          0.263415
           3.87454          0.262408
           3.87744          0.261741
           3.88034          0.261171
           3.88325          0.260340
           3.88616          0.259181
           3.88907          0.257974
           3.89199          0.256743
           3.89492          0.255487
           3.89785          0.254249
           3.90078          0.253012
           3.90372          0.251653
           3.90666          0.250210
           3.90960          0.248681
           3.91255          0.247007
           3.91551          0.245072
           3.91847          0.242900
           3.92143          0.240298
           3.92440          0.237204
           3.92738          0.233504
           3.93035          0.229512
           3.93333          0.226085
           3.93632          0.223307
           3.93931          0.218994
           3.94231          0.210344
           3.94531          0.197429
           3.94831          0.183338
           3.95132          0.170114
           3.95434          0.158073
           3.95735          0.147282
           3.96038          0.138207
           3.96341          0.130892
           3.96644          0.125129
           3.96948          0.120749
           3.97252          0.117668
           3.97556          0.115557
           3.97861          0.114077
           3.98167          0.113264
           3.98473          0.113446
           3.98780          0.115175
           3.99087          0.119045
           3.99394          0.125080
           3.99702          0.132991
           4.00010          0.142678
           4.00319          0.154282
           4.00629          0.167676
           4.00939          0.182804
           4.01249          0.199449
           4.01560          0.216968
           4.01871          0.233922
           4.02183          0.249330
           4.02495          0.263312
           4.02808          0.276857
           4.03121          0.290451
           4.03435          0.304452
           4.03749          0.319119
           4.04064          0.335085
           4.04379          0.352209
           4.04694          0.369734
           4.05011          0.386603
           4.05327          0.402241
           4.05644          0.416108
           4.05962          0.428264
           4.06280          0.438734
           4.06599          0.447985
           4.06918          0.456325
           4.07238          0.464290
           4.07558          0.471988
           4.07878          0.479546
           4.08200          0.486801
           4.08521          0.493777
           4.08843          0.500298
           4.09166          0.506430
           4.09489          0.512126
           4.09813          0.517622
           4.10137          0.522766
           4.10462          0.527777
           4.10787          0.532544
           4.11113          0.537331
           4.11439          0.541935
           4.11766          0.546545
           4.12093          0.551064
           4.12421          0.555686
           4.12750          0.560090
           4.13079          0.564524
           4.13408          0.568886
           4.13738          0.573174
           4.14068          0.577196
           4.14399          0.581212
           4.14731          0.584973
           4.15063          0.588594
           4.15395          0.591882
           4.15729          0.595048
           4.16062          0.597869
           4.16396          0.600647
           4.16731          0.603177
           4.17066          0.605573
           4.17402          0.607823
           4.17739          0.610013
           4.38219          0.661847
           4.38590          0.662011
           4.38961          0.662077
           4.39333          0.661629
           4.39706          0.661052
           4.40079          0.660185
           4.40453          0.659336
           4.40828          0.658432
           4.41203          0.657492
           4.41579          0.656206
           4.41955          0.654798
           4.42332          0.653118
           4.42710          0.651432
           4.43088          0.649484
           4.43468          0.647452
           4.43847          0.645074
           4.44228          0.642503
           4.44608          0.639609
           4.44990          0.636685
           4.45372          0.633695
           4.45755          0.630983
           4.46139          0.628375
           4.46523          0.625967
           4.46908          0.623358
           4.47294          0.620616
           4.47680          0.617450
           4.48067          0.614029
           4.48455          0.610432
           4.48843          0.606968
           4.49232          0.603595
           4.49621          0.600508
           4.50012          0.597711
           4.50403          0.595485
           4.50794          0.593677
           4.51187          0.592410
           4.51580          0.591336
           4.51973          0.590590
           4.52368          0.589959
           4.52763          0.589401
           4.53159          0.588910
           4.53555          0.588691
           4.53952          0.588412
           4.54350          0.588321
           4.54749          0.588133
           4.55148          0.587982
           4.55548          0.587672
           4.55949          0.587381
           4.56350          0.586914
           4.56752          0.586453
           4.57155          0.585901
           4.57558          0.585385
           4.57963          0.584712
           4.58367          0.584069
           4.58773          0.583135
           4.59179          0.582170
           4.59586          0.580696
           4.59994          0.578767
           4.60403          0.576426
           4.60812          0.574357
           4.61222          0.571967
           4.61633          0.568534
           4.62044          0.563354
           4.62456          0.556602
           4.62869          0.548923
           4.63283          0.540740
           4.63697          0.531064
           4.64112          0.519630
           4.64528          0.506946
           4.64945          0.494353
           4.65362          0.482433
           4.65780          0.472061
           4.66199          0.464023
           4.66619          0.458655
           4.67039          0.455416
           4.67460          0.454020
           4.67882          0.454014
           4.68305          0.455452
           4.68728          0.458449
           4.69152          0.463417
           4.69577          0.470047
           4.70003          0.478685
           4.70430          0.489415
           4.70857          0.502536
           4.71285          0.517331
           4.71714          0.533388
           4.72143          0.549826
           4.72574          0.565634
           4.73005          0.579398
           4.73437          0.590578
           4.73870          0.599161
           4.74303          0.606076
           4.74738          0.611906
           4.75173          0.616934
           4.75609          0.621132
           4.76045          0.624887
           4.76483          0.628235
           4.76921          0.631511
           4.77360          0.634283
           4.77800          0.636685
           4.78241          0.638432
           4.78683          0.639767
           4.79125          0.640537
           4.79568          0.641138
           4.80013          0.641417
           4.80457          0.641653
           4.80903          0.641665
           4.81350          0.641793
           4.81797          0.641738
           4.82245          0.641769
           4.82694          0.641671
           4.83144          0.641599
           4.83595          0.641362
           4.84046          0.641235
           4.84499          0.640889
           4.84952          0.640489
           4.85406          0.639973
           4.85861          0.639658
           4.86317          0.639172
           4.86773          0.638802
           4.87231          0.638323
           4.87689          0.637923
           4.88148          0.637383
           4.88608          0.637007
           4.89069          0.636521
           4.89531          0.636145
           4.89994          0.635521
           4.90457          0.635005
           4.90922          0.634326
           4.91387          0.633859
           4.91853          0.633240
           4.92321          0.632736
           4.92788          0.632221
           4.93257          0.631930
           4.93727          0.631475
           4.94198          0.631274
           4.94669          0.630983
           4.95142          0.630868
           4.95615          0.630728
           4.96090          0.630807
           4.96565          0.630650
           4.97041          0.630765
           4.97518          0.630777
           4.97996          0.631044
           4.98475          0.631092
           4.98954          0.631365
           4.99435          0.631475
           4.99917          0.631669
           5.00399          0.631638
           5.00883          0.631748
           5.01367          0.631651
           5.01852          0.631808
           5.02339          0.631766
           5.02826          0.631711
           5.03314          0.631602
           5.03803          0.631675
           5.04293          0.631553
           5.04784          0.631444
           5.05276          0.631026
           5.05769          0.630674
           5.06263          0.629897
           5.06758          0.629006
           5.07254          0.627386
           5.07751          0.624972
           5.08249          0.620386
           5.08747          0.612221
           5.09247          0.596905
           5.09748          0.572343
           5.10250          0.547655
           5.10752          0.545113
           5.11256          0.563657
           5.11761          0.585252
           5.12266          0.599986
           5.12773          0.606980
           5.13281          0.609564
           5.13789          0.610256
           5.14299          0.609995
           5.14810          0.609358
           5.15322          0.608133
           5.15834          0.606580
           5.16348          0.605124
           5.16863          0.603353
           5.17379          0.601454
           5.17896          0.600192
           5.18413          0.598955
           5.18932          0.597523
           5.19452          0.595667
           5.19973          0.593853
           5.20496          0.591651
           5.21019          0.589267
           5.21543          0.587181
           5.22068          0.584718
           5.22594          0.582110
           5.23122          0.579908
           5.23650          0.577512
           5.24179          0.575164
           5.24710          0.572410
           5.25242          0.569735
           5.25774          0.566781
           5.26308          0.563790
           5.26843          0.560606
           5.27379          0.557555
           5.27916          0.554418
           5.28454          0.551282
           5.28993          0.548037
           5.29534          0.544877
           5.30075          0.540909
           5.30618          0.536967
           5.31161          0.532775
           5.31706          0.528426
           5.32252          0.523743
           5.32799          0.518938
           5.33347          0.513855
           5.33896          0.508778
           5.34447          0.503464
           5.34998          0.498654
           5.35551          0.493504
           5.36105          0.487923
           5.36660          0.482549
           5.37216          0.477320
           5.37773          0.471812
           5.38332          0.466073
           5.38891          0.460014
           5.39452          0.453881
           5.40014          0.447609
           5.40577          0.441203
           5.41141          0.434591
           5.41707          0.427791
           5.42274          0.421046
           5.42841          0.413360
           5.43410          0.404492
           5.43981          0.396248
           5.44552          0.387531
           5.45125          0.378584
           5.45698          0.369230
           5.46273          0.360119
           5.46850          0.350595
           5.47427          0.340132
           5.48006          0.329819
           5.48586          0.318889
           5.49167          0.307030
           5.49749          0.294885
           5.50333          0.281668
           5.50918          0.267237
           5.51504          0.251095
           5.52091          0.232970
           5.52680          0.211733
           5.53269          0.186523
           5.53861          0.157200
           5.54453          0.124286
           5.55047          0.091633
           5.55641          0.064985
           5.56238          0.049765
           5.56835          0.044706
           5.57434          0.044828
           5.58034          0.046453
           5.58635          0.052835
           5.59238          0.067375
           5.59842          0.089334
           5.60447          0.113968
           5.61054          0.137904
           5.61661          0.158765
           5.62271          0.176211
           5.62881          0.188998
           5.63493          0.197872
           5.64106          0.203956
           5.64721          0.207608
           5.65336          0.207948
           5.65954          0.206055
           5.66572          0.201754
           5.67192          0.197217
           5.67813          0.193123
           5.68436          0.187960
           5.69060          0.183059
           5.69685          0.179535
           5.70312          0.175895
           5.70940          0.172626
           5.71569          0.169186
           5.72200          0.165541
           5.72833          0.162186
           5.73466          0.159050
           5.74101          0.155962
           5.74738          0.153081
           5.75376          0.150370
           5.76015          0.147961
           5.76656          0.146833
           5.77298          0.146032
           5.77941          0.145068
           5.78586          0.145256
           5.79233          0.145681
           5.79881          0.146311
           5.80530          0.146888
           5.81181          0.147337
           5.81833          0.147816
           5.82487          0.148556
           5.83142          0.148671
           5.83799          0.148762
           5.84457          0.148920
           5.85117          0.149223
           5.85778          0.149417
           5.86441          0.149478
           5.87105          0.149156
           5.87770          0.148695
           5.88438          0.148689
           5.89106          0.147149
           5.89776          0.145881
           5.90448          0.144352
           5.91121          0.142059
           5.91796          0.140421
           5.92473          0.138365
           5.93150          0.136266
           5.93830          0.134501
           5.94511          0.131656
           5.95193          0.128477
           5.95878          0.126221
           5.96563          0.124067
           5.97251          0.122387
           5.97939          0.120161
           5.98630          0.118390
           5.99322          0.116807
           6.00016          0.114623
           6.00711          0.112281
           6.01408          0.110255
           6.02106          0.107823
           6.02806          0.105172
           6.03508          0.102673
           6.04212          0.100368
           6.04917          0.098651
           6.05623          0.096188
           6.06332          0.092955
           6.07042          0.091469
           6.07753          0.090031
           6.08467          0.088236
           6.09182          0.086792
           6.09898          0.085967
           6.10617          0.085227
           6.11337          0.084978
           6.12058          0.084511
           6.12782          0.083814
           6.13507          0.083407
           6.14234          0.083419
           6.14963          0.083480
           6.15693          0.083838
           6.16425          0.084414
           6.17159          0.085227
           6.17895          0.086252
           6.18632          0.088133
           6.19371          0.090074
           6.20112          0.092185
           6.20854          0.094775
           6.21599          0.098026
           6.22345          0.101417
           6.23093          0.105311
           6.23843          0.109406
           6.24595          0.114101
           6.25348          0.118814
           6.26103          0.123813
           6.26860          0.128581
           6.27619          0.133245
           6.28380          0.136939
           6.29143          0.139675
           6.29907          0.141756
           6.30673          0.146032
           6.31442          0.153033
           6.32212          0.162162
           6.32984          0.171819
           6.33757          0.182756
           6.34533          0.196059
           6.35311          0.212449
           6.36090          0.226122
           6.36872          0.237732
           6.37655          0.248972
           6.38440          0.259321
           6.39227          0.268395
           6.40017          0.278040
           6.40808          0.287109
           6.41601          0.297597
           6.42396          0.308601
           6.43193          0.316747
           6.43992          0.323990
           6.44793          0.330311
           6.45596          0.333313
           6.46401          0.333241
           6.47208          0.330280
           6.48017          0.326156
           6.48828          0.320981
           6.49641          0.315698
           6.50456          0.308837
           6.51273          0.301358
           6.52092          0.295043
           6.52914          0.289117
           6.53737          0.282517
           6.54563          0.276336
           6.55390          0.270506
           6.56220          0.264659
           6.57051          0.258860
           6.57885          0.253321
           6.58721          0.247092
           6.59559          0.241098
           6.60399          0.235178
           6.61242          0.229306
           6.62086          0.223932
           6.62933          0.218909
           6.63782          0.214705
           6.64633          0.210532
           6.65486          0.205782
           6.66341          0.201488
           6.67199          0.197945
           6.68059          0.194639
           6.68921          0.191412
           6.69785          0.187960
           6.70651          0.184745
           6.71520          0.181937
           6.72391          0.179171
           6.73264          0.176217
           6.74140          0.173457
           6.75018          0.170921
           6.75898          0.168646
           6.76780          0.166457
           6.77665          0.164497
           6.78552          0.162605
           6.79441          0.160852
           6.80333          0.158935
           6.81227          0.156793
           6.82123          0.154852
           6.83022          0.153178
           6.83923          0.151437
           6.84826          0.149581
           6.85732          0.147955
           6.86640          0.146742
           6.87551          0.145377
           6.88464          0.143545
           6.89380          0.141847
           6.90298          0.140312
           6.91218          0.138784
           6.92141          0.137328
           6.93066          0.135926
           6.93994          0.134871
           6.94924          0.134070
           6.95857          0.133609
           6.96792          0.133433
           6.97730          0.133154
           6.98670          0.132633
           6.99613          0.132348
           7.00559          0.132026
           7.01507          0.131644
           7.02457          0.131250
           7.03410          0.131013
           7.04366          0.130722
           7.05325          0.130667
           7.06285          0.130443
           7.07249          0.130030
           7.08215          0.129527
           7.09184          0.128787
           7.10155          0.127568
           7.11130          0.125529
           7.12106          0.122387
           7.13086          0.118535
           7.14068          0.115126
           7.15053          0.113149
           7.16041          0.112136
           7.17031          0.111468
           7.18024          0.110686
           7.19020          0.109934
           7.20019          0.109546
           7.21020          0.109649
           7.22024          0.110182
           7.23031          0.111086
           7.24041          0.112196
           7.25054          0.113507
           7.26069          0.114805
           7.27088          0.116236
           7.28109          0.117892
           7.29133          0.120009
           7.30160          0.122563
           7.31190          0.125675
           7.32222          0.129248
           7.33258          0.132954
           7.34297          0.136836
           7.35338          0.140749
           7.36383          0.144419
           7.37430          0.147931
           7.38481          0.151225
           7.39534          0.154137
           7.40591          0.156660
           7.41650          0.158953
           7.42713          0.161143
           7.43778          0.163254
           7.44847          0.165480
           7.45919          0.167779
           7.46994          0.170120
           7.48071          0.172280
           7.49152          0.174100
           7.50237          0.175592
           7.51324          0.176884
           7.52414          0.177921
           7.53508          0.178789
           7.54605          0.179504
           7.55705          0.180154
           7.56808          0.180790
           7.57915          0.181646
           7.59024          0.182665
           7.60137          0.183987
           7.61253          0.185698
           7.62373          0.187930
           7.63496          0.190678
           7.64622          0.194014
           7.65751          0.197721
           7.66884          0.201682
           7.68020          0.205691
           7.69159          0.209743
           7.70302          0.213747
           7.71449          0.217593
           7.72598          0.221002
           7.73752          0.223920
           7.74908          0.226261
           7.76068          0.228044
           7.77232          0.229215
           7.78399          0.229979
           7.79569          0.230428
           7.80743          0.231023
           7.81921          0.232266
           7.83102          0.234529
           7.84287          0.237168
           7.85475          0.239303
           7.86667          0.240377
           7.87862          0.240534
           7.89062          0.240098
           7.90264          0.239867
           7.91471          0.240286
           7.92681          0.241705
           7.93895          0.243901
           7.95113          0.246552
           7.96334          0.249045
           7.97559          0.251119
           7.98788          0.252424
           8.00021          0.253164
           8.01257          0.253370
           8.02498          0.253054
           8.03742          0.252029
           8.04990          0.250616
           8.06242          0.249081
           8.07498          0.248432
           8.08757          0.249154
           8.10021          0.251180
           8.11289          0.253570
           8.12560          0.255657
           8.13836          0.257113
           8.15116          0.258211
           8.16399          0.259224
           8.17687          0.260564
           8.18979          0.262141
           8.20275          0.263652
           8.21575          0.264434
           8.22879          0.264507
           8.24187          0.263955
           8.25499          0.263100
           8.26816          0.261935
           8.28137          0.260558
           8.29462          0.258969
           8.30791          0.257495
           8.32124          0.256100
           8.33462          0.254783
           8.34804          0.253236
           8.36151          0.251392
           8.37502          0.248924
           8.38857          0.245854
           8.40216          0.242111
           8.41580          0.238320
           8.42949          0.235117
           8.44322          0.232782
           8.45699          0.230701
           8.47081          0.228457
           8.48467          0.225988
           8.49858          0.224235
           8.51254          0.223719
           8.52654          0.224569
           8.54058          0.226146
           8.55468          0.227559
           8.56882          0.227887
           8.58300          0.227213
           8.59724          0.226522
           8.61152          0.227359
           8.62585          0.230653
           8.64023          0.236883
           8.65465          0.245363
           8.66912          0.254899
           8.68364          0.264107
           8.69821          0.272490
           8.71283          0.279963
           8.72750          0.287085
           8.74222          0.293957
           8.75699          0.300666
           8.77180          0.306848
           8.78667          0.312556
           8.80159          0.317390
           8.81656          0.321491
           8.83158          0.324669
           8.84665          0.327411
           8.86177          0.329534
           8.87694          0.331554
           8.89217          0.333380
           8.90745          0.335230
           8.92278          0.336929
           8.93816          0.338821
           8.95360          0.340726
           8.96909          0.342910
           8.98464          0.344839
           9.00023          0.346580
           9.01589          0.347726
           9.03159          0.348636
           9.04736          0.348945
           9.06317          0.349067
           9.07905          0.348691
           9.09497          0.348387
           9.11096          0.347702
           9.12700          0.346792
           9.14310          0.345124
           9.15925          0.342698
           9.17546          0.338730
           9.19173          0.332561
           9.20806          0.322649
           9.22444          0.313641
           9.24088          0.309207
           9.25738          0.315322
           9.27394          0.328552
           9.29056          0.335801
           9.30724          0.336462
           9.32398          0.334557
           9.34078          0.332027
           9.35764          0.329601
           9.37457          0.327684
           9.39155          0.327672
           9.40859          0.331718
           9.42570          0.336619
           9.44287          0.339422
           9.46010          0.340775
           9.47740          0.340993
           9.49475          0.340678
           9.51217          0.339865
           9.52966          0.338706
           9.54721          0.336765
           9.56483          0.334072
           9.58250          0.330960
           9.60025          0.328509
           9.61806          0.326884
           9.63594          0.325749
           9.65388          0.323984
           9.67189          0.320957
           9.68997          0.316177
           9.70812          0.310123
           9.72633          0.303523
           9.74462          0.297797
           9.76297          0.293624
           9.78139          0.291131
           9.79988          0.289365
           9.81844          0.287564
           9.83707          0.285107
           9.85577          0.282274
           9.87454          0.279818
           9.89339          0.278798
           9.91230          0.279490
           9.93129          0.281734
           9.95036          0.284519
           9.96949          0.286963
           9.98870          0.288698
          10.00798          0.290039
          10.02734          0.291028
          10.04677          0.292307
          10.06628          0.293860
          10.08587          0.296050
          10.10553          0.299459
          10.12526          0.303966
          10.14508          0.308158
          10.16497          0.311063
          10.18494          0.312246
          10.20499          0.312101
          10.22512          0.311403
          10.24533          0.312719
          10.26561          0.317457
          10.28598          0.323948
          10.30643          0.329207
          10.32696          0.332901
          10.34757          0.335054
          10.36827          0.335964
          10.38905          0.335770
          10.40991          0.334933
          10.43086          0.333162
          10.45188          0.330208
          10.47300          0.326016
          10.49420          0.321242
          10.51549          0.316001
          10.53686          0.311446
          10.55832          0.308212
          10.57987          0.306963
          10.60150          0.307096
          10.62323          0.307697
          10.64504          0.307685
          10.66694          0.307023
          10.68894          0.306108
          10.71102          0.306308
          10.73320          0.308328
          10.75547          0.312580
          10.77783          0.318337
          10.80028          0.324912
          10.82283          0.331433
          10.84547          0.337814
          10.86821          0.343516
          10.89104          0.348375
          10.91397          0.351651
          10.93699          0.353537
          10.96012          0.353798
          10.98334          0.352882
          11.00666          0.350735
          11.03007          0.348187
          11.05359          0.345124
          11.07721          0.341794
          11.10093          0.337729
          11.12475          0.332956
          11.14868          0.326398
          11.17271          0.318155
          11.19684          0.308000
          11.22107          0.296814
          11.24541          0.283821
          11.26986          0.260479
          11.29441          0.210641
          11.31907          0.154682
          11.34384          0.125984
          11.36872          0.119773
          11.39370          0.117219
          11.41880          0.110498
          11.44401          0.102497
          11.46933          0.096619
          11.49476          0.094902
          11.52030          0.102163
          11.54596          0.120270
          11.57173          0.143406
          11.59762          0.166523
          11.62362          0.188500
          11.64974          0.208615
          11.67598          0.226995
          11.70234          0.242639
          11.72881          0.254225
          11.75541          0.252963
          11.78213          0.216422
          11.80896          0.160803
          11.83592          0.178431
          11.86301          0.250822
          11.89022          0.299508
          11.91755          0.323863
          11.94501          0.337050
          11.97260          0.345876
          12.00031          0.351833
          12.02816          0.356425
          12.05613          0.359464
          12.08423          0.361314
          12.11246          0.361733
          12.14083          0.361520
          12.16933          0.360368
          12.19796          0.358421
          12.22673          0.355394
          12.25564          0.351566
          12.28468          0.347514
          12.31386          0.344135
          12.34318          0.341824
          12.37264          0.340684
          12.40224          0.339689
          12.43198          0.337754
          12.46186          0.334369
          12.49189          0.330317
          12.52207          0.326604
          12.55238          0.324033
          12.58285          0.322243
          12.61347          0.320253
          12.64423          0.317172
          12.67515          0.313053
          12.70621          0.308407
          12.73743          0.303960
          12.76881          0.300224
          12.80033          0.298009
          12.83202          0.297081
          12.86386          0.296948
          12.89586          0.297106
          12.92802          0.297585
          12.96034          0.299223
          12.99282          0.302808
          13.02546          0.307952
          13.05827          0.314145
          13.09125          0.320818
          13.12439          0.327260
          13.15770          0.333247
          13.19118          0.338894
          13.22483          0.344111
          13.25866          0.348478
          13.29265          0.351803
          13.32683          0.354102
          13.36117          0.355351
          13.39570          0.355272
          13.43040          0.353683
          13.46529          0.350432
          13.50035          0.345403
          13.53560          0.338536
          13.57103          0.329595
          13.60665          0.318470
          13.64246          0.305331
          13.67846          0.290724
          13.71464          0.274649
          13.75102          0.255639
          13.78759          0.231690
          13.82436          0.202209
          13.86132          0.167306
          13.89849          0.128380
          13.93585          0.087914
          13.97341          0.054697
          14.01117          0.039690
          14.04915          0.046969
          14.08732          0.062207
          14.12571          0.078269
          14.16430          0.101156
          14.20311          0.129860
          14.24213          0.160900
          14.28136          0.190266
          14.32081          0.212977
          14.36049          0.232764
          14.40038          0.250034
          14.44049          0.261850
          14.48082          0.274825
          14.52139          0.288261
          14.56218          0.298113
          14.60320          0.304069
          14.64445          0.307927
          14.68593          0.310087
          14.72766          0.312204
          14.76962          0.313702
          14.81181          0.314212
          14.85425          0.313265
          14.89694          0.311931
          14.93987          0.311785
          14.98305          0.322656
          15.02648          0.324154
          15.07016          0.305082
          15.11410          0.297330
          15.15829          0.293690
          15.20274          0.289833
          15.24746          0.285495
          15.29243          0.281164
          15.33768          0.276779
          15.38319          0.272672
          15.42897          0.268747
          15.47503          0.264744
          15.52136          0.260406
          15.56797          0.256191
          15.61487          0.251847
          15.66204          0.247601
          15.70950          0.243470
          15.75725          0.239212
          15.80529          0.235117
          15.85362          0.231235
          15.90226          0.227298
          15.95119          0.223434
          16.00042          0.219510
          16.04995          0.215585
          16.09980          0.211745
          16.14995          0.207899
          16.20042          0.204205
          16.25121          0.200705
          16.30231          0.196823
          16.35374          0.192692
          16.40549          0.188197
          16.45757          0.183429
          16.50998          0.178619
          16.56273          0.173627
          16.61582          0.168349
          16.66924          0.163090
          16.72302          0.158031
          16.77714          0.153287
          16.83161          0.148987
          16.88643          0.145165
          16.94162          0.141641
          16.99716          0.138583
          17.05308          0.136157
          17.10936          0.133828
          17.16601          0.131953
          17.22304          0.130679
          17.28045          0.129685
          17.33824          0.129127
          17.39643          0.128550
          17.45500          0.128065
          17.51397          0.127877
          17.57334          0.127689
          17.63311          0.127125
          17.69329          0.126288
          17.75389          0.125226
          17.81490          0.124140
          17.87633          0.122824
          17.93818          0.120755
          18.00047          0.118317
          18.06319          0.115903
          18.12635          0.113027
          18.18995          0.109558
          18.25400          0.106161
          18.31850          0.103079
          18.38346          0.099998
          18.44888          0.096904
          18.51477          0.094047
          18.58113          0.091517
          18.64797          0.088976
          18.71529          0.086380
          18.78310          0.083620
          18.85140          0.081157
          18.92020          0.078712
          18.98951          0.076146
          19.05932          0.073799
          19.12965          0.071512
          19.20050          0.069364
          19.27188          0.067320
          19.34379          0.065252
          19.41624          0.063141
          19.48923          0.060957
          19.56277          0.058785
          19.63688          0.056966
          19.71154          0.055255
          19.78678          0.053296
          19.86259          0.051992
          19.93898          0.050536
          20.01596          0.048316
          20.09355          0.046763
          20.17173          0.045264
          20.25053          0.043523
          20.32994          0.042098
          20.40998          0.040448
          20.49065          0.038252
          20.57196          0.036517
          20.65392          0.035826
          20.73654          0.034843
          20.81982          0.033551
          20.90377          0.032526
          20.98840          0.031222
          21.07372          0.030021
          21.15973          0.029226
          21.24646          0.029080
          21.33389          0.028274
          21.42204          0.026848
          21.51093          0.025629
          21.60056          0.024749
          21.69094          0.023676
          21.78208          0.021765
          21.87399          0.020667
          21.96667          0.019181
          22.06015          0.017937
          22.15442          0.018107
          22.24951          0.018113
          22.34541          0.017191
          22.44214          0.016700
          22.53972          0.015092
          22.63814          0.014941
          22.73743          0.015195
          22.83760          0.015171
          22.93865          0.014910
          23.04060          0.014213
          23.14346          0.014370
          23.24724          0.016111
          23.35196          0.017227
          23.45763          0.018192
          23.56425          0.019636
          23.67185          0.021674
          23.78044          0.025544
          23.89002          0.029608
          24.00063          0.035644
          24.11226          0.044445
          24.22493          0.052107
          24.33866          0.061503
          24.45347          0.075109
          24.56936          0.089613
          24.68636          0.104935
          24.80447          0.121041
          24.92373          0.140828
          25.04413          0.163120
          25.16571          0.184424
          25.28846          0.206231
          25.41243          0.228590
          25.53761          0.251520
          25.66404          0.274170
          25.79172          0.292775
          25.92068          0.304154