           0.30000          0.034683
           0.30500          0.034504
           0.31000          0.033581
           0.31500          0.034658
           0.32000          0.035403
           0.32500          0.036458
           0.33000          0.037996
           0.33500          0.038603
           0.34000          0.039356
           0.34500          0.041112
           0.35000          0.042794
           0.35500          0.045174
           0.36000          0.047510
           0.36500          0.050184
           0.37000          0.053753
           0.37500          0.057522
           0.38000          0.062179
           0.38500          0.066944
           0.39000          0.071587
           0.39500          0.076956
           0.40000          0.081903
           0.40500          0.086235
           0.41000          0.091250
           0.41500          0.095710
           0.42000          0.100730
           0.42500          0.105149
           0.43000          0.109539
           0.43500          0.114591
           0.44000          0.118783
           0.44500          0.122725
           0.45000          0.124347
           0.45500          0.125935
           0.46000          0.130554
           0.46500          0.134176
           0.47000          0.138219
           0.47500          0.142179
           0.48000          0.147311
           0.48500          0.152981
           0.49000          0.155324
           0.49500          0.159549
           0.50000          0.163051
           0.50500          0.170593
           0.51000          0.176604
           0.51500          0.181553
           0.52000          0.185203
           0.52500          0.191376
           0.53000          0.193912
           0.53500          0.199642
           0.54000          0.204816
           0.54500          0.208847
           0.55000          0.212273
           0.55500          0.215497
           0.56000          0.218384
           0.56500          0.221842
           0.57000          0.225008
           0.57500          0.227546
           0.58000          0.230525
           0.58500          0.233884
           0.59000          0.234893
           0.59500          0.237050
           0.60000          0.238451
           0.60500          0.240096
           0.61000          0.242855
           0.61500          0.243312
           0.62000          0.244758
           0.62500          0.244996
           0.63000          0.247943
           0.63500          0.249582
           0.64000          0.252149
           0.64500          0.253953
           0.65000          0.255889
           0.65500          0.257049
           0.66000          0.259069
           0.66500          0.260037
           0.67000          0.260983
           0.67500          0.261739
           0.68000          0.262284
           0.68500          0.262614
           0.69000          0.263704
           0.69500          0.263663
           0.70000          0.263628
           0.70500          0.264672
           0.71000          0.266245
           0.71500          0.265740
           0.72000          0.265740
           0.72500          0.265420
           0.73000          0.265194
           0.73500          0.265318
           0.74000          0.265436
           0.74500          0.264626
           0.75000          0.264882
           0.75500          0.264393
           0.76000          0.263988
           0.76500          0.263002
           0.77000          0.263284
           0.77500          0.262080
           0.78000          0.261889
           0.78500          0.261322
           0.79000          0.259178
           0.79500          0.259016
           0.80000          0.259690
           0.80500          0.257391
           0.81000          0.256053
           0.81500          0.254388
           0.82000          0.252904
           0.82500          0.251989
           0.83000          0.250309
           0.83500          0.248547
           0.84000          0.247341
           0.84500          0.245599
           0.85000          0.243510
           0.85500          0.240118
           0.86000          0.238010
           0.86500          0.236307
           0.87000          0.234957
           0.87500          0.232415
           0.88000          0.230502
           0.88500          0.228547
           0.89000          0.227425
           0.89500          0.224831
           0.90000          0.223301
           0.90500          0.221355
           0.91000          0.220350
           0.91500          0.218927
           0.92000          0.217010
           0.92500          0.215315
           0.93000          0.214018
           0.93500          0.212972
           0.94000          0.211717
           0.94500          0.210773
           0.95000          0.209210
           0.95500          0.207728
           0.96000          0.206904
           0.96500          0.205858
           0.97000          0.205760
           0.97500          0.203085
           0.98000          0.202403
           0.98500          0.200864
           0.99000          0.200168
           0.99500          0.198543
           1.00000          0.197256
           1.00500          0.196039
           1.01000          0.194557
           1.01500          0.194048
           1.02000          0.193100
           1.02500          0.192153
           1.03000          0.192013
           1.03500          0.189911
           1.04000          0.189514
           1.04500          0.189321
           1.05000          0.188363
           1.05500          0.187698
           1.06000          0.187190
           1.06500          0.187279
           1.07000          0.186835
           1.07500          0.186816
           1.08000          0.186878
           1.08500          0.187889
           1.09000          0.187293
           1.09500          0.187680
           1.10000          0.188586
           1.10500          0.189418
           1.11000          0.189876
           1.11500          0.191248
           1.12000          0.191610
           1.12500          0.192588
           1.13000          0.193470
           1.13500          0.194511
           1.14000          0.195496
           1.14500          0.197720
           1.15000          0.199668
           1.15500          0.201231
           1.16000          0.201666
           1.16500          0.203049
           1.17000          0.204566
           1.17500          0.206395
           1.18000          0.206075
           1.18500          0.207745
           1.19000          0.209117
           1.19500          0.209934
           1.20000          0.210302
           1.20500          0.211017
           1.21000          0.210847
           1.21500          0.212405
           1.22000          0.212461
           1.22500          0.212669
           1.23000          0.212204
           1.23500          0.212649
           1.24000          0.214150
           1.24500          0.213994
           1.25000          0.214649
           1.25500          0.214664
           1.26000          0.214913
           1.26500          0.215673
           1.27000          0.215256
           1.27500          0.215549
           1.28000          0.215765
           1.28500          0.216166
           1.29000          0.217012
           1.29500          0.217482
           1.30000          0.217088
           1.30500          0.217457
           1.31000          0.218672
           1.31500          0.219325
           1.32000          0.219373
           1.32500          0.220246
           1.33000          0.219937
           1.33500          0.222123
           1.34000          0.223330
           1.34500          0.224001
           1.35000          0.224728
           1.35500          0.224711
           1.36000          0.226708
           1.36500          0.228267
           1.37000          0.230206
           1.37500          0.232104
           1.38000          0.232879
           1.38500          0.236780
           1.39000          0.237308
           1.39500          0.238350
           1.40000          0.239054
           1.40500          0.241272
           1.41000          0.244419
           1.41500          0.245873
           1.42000          0.248639
           1.42500          0.250098
           1.43000          0.252566
           1.43500          0.255232
           1.44000          0.256924
           1.44500          0.260394
           1.45000          0.262170
           1.45500          0.264567
           1.46000          0.267567
           1.46500          0.270402
           1.47000          0.271737
           1.47500          0.275422
           1.48000          0.277714
           1.48500          0.280145
           1.49000          0.282868
           1.49500          0.286244
           1.50000          0.289087
           1.50500          0.292590
           1.51000          0.294629
           1.51500          0.298164
           1.52000          0.301832
           1.52500          0.304372
           1.53000          0.306819
           1.53500          0.310639
           1.54000          0.313714
           1.54500          0.316641
           1.55000          0.319428
           1.55500          0.322869
           1.56000          0.325255
           1.56500          0.327513
           1.57000          0.329872
           1.57500          0.333232
           1.58000          0.335711
           1.58500          0.338398
           1.59000          0.341423
           1.59500          0.344400
           1.60000          0.347415
           1.60500          0.349204
           1.61000          0.352136
           1.61500          0.354940
           1.62000          0.357715
           1.62500          0.360601
           1.63000          0.362176
           1.63500          0.365499
           1.64000          0.368100
           1.64500          0.370644
           1.65000          0.371485
           1.65500          0.375654
           1.66000          0.378504
           1.66500          0.381472
           1.67000          0.382887
           1.67500          0.384748
           1.68000          0.387495
           1.68500          0.388962
           1.69000          0.390600
           1.69500          0.392828
           1.70000          0.394407
           1.70500          0.396320
           1.71000          0.398590
           1.71500          0.399691
           1.72000          0.402264
           1.72500          0.403699
           1.73000          0.404974
           1.73500          0.406013
           1.74000          0.407298
           1.74500          0.409436
           1.75000          0.411554
           1.75500          0.412971
           1.76000          0.413789
           1.76500          0.415014
           1.77000          0.416756
           1.77500          0.417052
           1.78000          0.418108
           1.78500          0.419738
           1.79000          0.420943
           1.79500          0.421564
           1.80000          0.422447
           1.80500          0.422353
           1.81000          0.422998
           1.81500          0.424994
           1.82000          0.424842
           1.82500          0.427471
           1.83000          0.426483
           1.83500          0.426603
           1.84000          0.428975
           1.84500          0.429864
           1.85000          0.430196
           1.85500          0.429878
           1.86000          0.431355
           1.86500          0.430631
           1.87000          0.432046
           1.87500          0.432877
           1.88000          0.433371
           1.88500          0.432880
           1.89000          0.433304
           1.89500          0.433558
           1.90000          0.432807
           1.90500          0.434068
           1.91000          0.434970
           1.91500          0.433776
           1.92000          0.432609
           1.92500          0.435790
           1.93000          0.433554
           1.93500          0.434270
           1.94000          0.433845
           1.94500          0.435434
           1.95000          0.434766
           1.95500          0.434606
           1.96000          0.434872
           1.96500          0.435186
           1.97000          0.435328
           1.97500          0.435253
           1.98000          0.435557
           1.98500          0.436193
           1.99000          0.436098
           1.99500          0.436343
           2.00000          0.436750
           2.00500          0.436675
           2.01000          0.436981
           2.01500          0.436899
           2.02000          0.437621
           2.02500          0.437435
           2.03000          0.437352
           2.03500          0.437445
           2.04000          0.437068
           2.04500          0.437826
           2.05000          0.438051
           2.05500          0.438343
           2.06000          0.437714
           2.06500          0.438702
           2.07000          0.438947
           2.07500          0.438220
           2.08000          0.437768
           2.08500          0.438636
           2.09000          0.437565
           2.09500          0.438170
           2.10000          0.438971
           2.10500          0.438589
           2.11000          0.438818
           2.11500          0.438575
           2.12000          0.437983
           2.12500          0.437681
           2.13000          0.437284
           2.13500          0.437559
           2.14000          0.437766
           2.14500          0.437473
           2.15000          0.437147
           2.15500          0.437438
           2.16000          0.436524
           2.16500          0.436525
           2.17000          0.436622
           2.17500          0.436143
           2.18000          0.436730
           2.18500          0.437104
           2.19000          0.436901
           2.19500          0.436822
           2.20000          0.436903
           2.20500          0.437420
           2.21000          0.437500
           2.21500          0.437227
           2.22000          0.436925
           2.22500          0.437647
           2.23000          0.437056
           2.23500          0.436733
           2.24000          0.436273
           2.24500          0.436173
           2.25000          0.436195
           2.25500          0.435611
           2.26000          0.435200
           2.26500          0.434688
           2.27000          0.435011
           2.27500          0.434348
           2.28000          0.435040
           2.28500          0.434543
           2.29000          0.434321
           2.29500          0.434182
           2.30000          0.433928
           2.30500          0.432958
           2.31000          0.432112
           2.31500          0.431787
           2.32000          0.431846
           2.32500          0.431442
           2.33000          0.429857
           2.33500          0.429768
           2.34000          0.430124
           2.34500          0.429392
           2.35000          0.429154
           2.35500          0.428241
           2.36000          0.427223
           2.36500          0.427140
           2.37000          0.427338
           2.37500          0.425922
           2.38000          0.427248
           2.38500          0.426471
           2.39000          0.425831
           2.39500          0.426897
           2.40000          0.425621
           2.40500          0.425226
           2.41000          0.424740
           2.41500          0.425127
           2.42000          0.425950
           2.42500          0.426406
           2.43000          0.425844
           2.43500          0.426417
           2.44000          0.427150
           2.44500          0.425324
           2.45000          0.425854
           2.45500          0.424823
           2.46000          0.422478
           2.46500          0.423672
           2.47000          0.422317
           2.47500          0.423630
           2.48000          0.423070
           2.48500          0.423075
           2.49000          0.422317
           2.49500          0.421348
           2.50000          0.422178
           2.50200          0.421920
           2.50320          0.422022
           2.50441          0.422016
           2.50562          0.421911
           2.50683          0.421862
           2.50805          0.421844
           2.50926          0.421848
           2.51048          0.421457
           2.51169          0.421219
           2.51291          0.421149
           2.51413          0.421139
           2.51535          0.421096
           2.51657          0.421187
           2.51779          0.421324
           2.51902          0.421213
           2.52024          0.420997
           2.52147          0.420759
           2.52269          0.420480
           2.52392          0.420177
           2.52515          0.420296
           2.52638          0.420157
           2.52761          0.419882
           2.52885          0.419724
           2.53008          0.419494
           2.53132          0.419351
           2.53255          0.419203
           2.53379          0.419318
           2.53503          0.419365
           2.53627          0.419162
           2.53751          0.418997
           2.53875          0.418972
           2.54000          0.418916
           2.54124          0.419011
           2.54249          0.418649
           2.54374          0.418330
           2.54499          0.418335
           2.54624          0.418253
           2.54749          0.418432
           2.54874          0.418358
           2.54999          0.418381
           2.55125          0.418230
           2.55250          0.417891
           2.55376          0.417620
           2.55502          0.417667
           2.55628          0.417425
           2.55754          0.417302
           2.55880          0.417253
           2.56007          0.417283
           2.56133          0.416812
           2.56260          0.416681
           2.56386          0.416660
           2.56513          0.416709
           2.56640          0.416592
           2.56767          0.416558
           2.56895          0.416458
           2.57022          0.416284
           2.57150          0.416382
           2.57277          0.416341
           2.57405          0.416016
           2.57533          0.416233
           2.57661          0.416271
           2.57789          0.416116
           2.57917          0.416166
           2.58046          0.416143
           2.58174          0.415805
           2.58303          0.415604
           2.58431          0.415349
           2.58560          0.415460
           2.58689          0.415640
           2.58819          0.415428
           2.58948          0.415265
           2.59077          0.415324
           2.59207          0.415048
           2.59336          0.414657
           2.59466          0.414100
           2.59596          0.414102
           2.59726          0.414930
           2.59856          0.415148
           2.59987          0.414691
           2.60117          0.414429
           2.60248          0.414401
           2.60378          0.414352
           2.60509          0.414102
           2.60640          0.413795
           2.60771          0.414039
           2.60903          0.414026
           2.61034          0.413667
           2.61166          0.413644
           2.61297          0.413647
           2.61429          0.413469
           2.61561          0.413295
           2.61693          0.412688
           2.61825          0.412601
           2.61957          0.413262
           2.62090          0.413026
           2.62222          0.412833
           2.62355          0.412801
           2.62488          0.412580
           2.62621          0.412455
           2.62754          0.412156
           2.62887          0.412425
           2.63021          0.412160
           2.63154          0.411669
           2.63288          0.412123
           2.63421          0.411714
           2.63555          0.411375
           2.63689          0.411521
           2.63824          0.411438
           2.63958          0.411040
           2.64092          0.410810
           2.64227          0.410726
           2.64362          0.410491
           2.64497          0.410489
           2.64632          0.410319
           2.64767          0.410172
           2.64902          0.409915
           2.65038          0.409496
           2.65173          0.409118
           2.65309          0.409055
           2.65445          0.409282
           2.65581          0.409108
           2.65717          0.408758
           2.65853          0.408731
           2.65989          0.408468
           2.66126          0.408047
           2.66263          0.408168
           2.66400          0.407715
           2.66536          0.406890
           2.66674          0.406654
           2.66811          0.407055
           2.66948          0.406736
           2.67086          0.406051
           2.67223          0.405807
           2.67361          0.405688
           2.67499          0.404358
           2.67637          0.403191
           2.67776          0.402785
           2.67914          0.402573
           2.68052          0.401971
           2.68191          0.401707
           2.68330          0.401405
           2.68469          0.400909
           2.68608          0.400440
           2.68747          0.399924
           2.68887          0.399416
           2.69026          0.399107
           2.69166          0.398715
           2.69306          0.397929
           2.69446          0.397163
           2.69586          0.396893
           2.69726          0.396912
           2.69866          0.396277
           2.70007          0.395599
           2.70148          0.394940
           2.70289          0.394476
           2.70430          0.394159
           2.70571          0.393520
           2.70712          0.392801
           2.70853          0.392077
           2.70995          0.391484
           2.71137          0.390828
           2.71279          0.390770
           2.71421          0.390582
           2.71563          0.389930
           2.71705          0.389138
           2.71848          0.388426
           2.71990          0.387517
           2.72133          0.386595
           2.72276          0.386360
           2.72419          0.385683
           2.72562          0.384602
           2.72706          0.383770
           2.72849          0.382697
           2.72993          0.381522
           2.73137          0.380272
           2.73281          0.378947
           2.73425          0.377401
           2.73569          0.375700
           2.73714          0.373840
           2.73858          0.371722
           2.74003          0.369240
           2.74148          0.367334
           2.74293          0.365622
           2.74438          0.362821
           2.74583          0.359260
           2.74729          0.355572
           2.74875          0.350957
           2.75020          0.345916
           2.75166          0.341967
           2.75313          0.340857
           2.75459          0.340627
           2.75605          0.339151
           2.75752          0.337255
           2.75899          0.334814
           2.76046          0.331556
           2.76193          0.327471
           2.76340          0.321851
           2.76487          0.316164
           2.76635          0.314272
           2.76782          0.316270
           2.76930          0.318701
           2.77078          0.319902
           2.77226          0.320071
           2.77375          0.319462
           2.77523          0.318526
           2.77672          0.317859
           2.77821          0.317147
           2.77970          0.316396
           2.78119          0.315569
           2.78268          0.314875
           2.78418          0.314026
           2.78567          0.313258
           2.78717          0.312219
           2.78867          0.311398
           2.79017          0.310755
           2.79167          0.310182
           2.79318          0.309554
           2.79468          0.309038
           2.79619          0.308673
           2.79770          0.308237
           2.79921          0.307756
           2.80072          0.307534
           2.80224          0.307161
           2.80375          0.306869
           2.80527          0.306880
           2.80679          0.306693
           2.80831          0.306417
           2.80983          0.306444
           2.81135          0.306396
           2.81288          0.306031
           2.81441          0.305809
           2.81593          0.305887
           2.81746          0.305877
           2.81900          0.305719
           2.82053          0.305303
           2.82207          0.305098
           2.82360          0.304924
           2.82514          0.304994
           2.82668          0.304910
           2.82822          0.304605
           2.82977          0.304442
           2.83131          0.304360
           2.83286          0.304411
           2.83441          0.304529
           2.83596          0.304449
           2.83751          0.304315
           2.83907          0.304253
           2.84062          0.304287
           2.84218          0.304210
           2.84374          0.304121
           2.84530          0.303942
           2.84686          0.303614
           2.84843          0.303549
           2.84999          0.303480
           2.85156          0.303375
           2.85313          0.303157
           2.85470          0.302930
           2.85627          0.302630
           2.85785          0.302314
           2.85942          0.301987
           2.86100          0.301853
           2.86258          0.301784
           2.86416          0.301655
           2.86575          0.301378
           2.86733          0.300938
           2.86892          0.300588
           2.87051          0.300257
           2.87210          0.300178
           2.87369          0.299949
           2.87528          0.299670
           2.87688          0.299585
           2.87848          0.299227
           2.88007          0.298892
           2.88168          0.298604
           2.88328          0.298364
           2.88488          0.298026
           2.88649          0.297727
           2.88810          0.297626
           2.88971          0.297602
           2.89132          0.297339
           2.89293          0.297248
           2.89455          0.297089
           2.89616          0.296705
           2.89778          0.296542
           2.89940          0.296448
           2.90103          0.296224
           2.90265          0.296089
           2.90428          0.295974
           2.90591          0.295632
           2.90754          0.295490
           2.90917          0.295438
           2.91080          0.295384
           2.91244          0.294998
           2.91407          0.294842
           2.91571          0.294784
           2.91735          0.294587
           2.91899          0.294451
           2.92064          0.294461
           2.92229          0.294567
           2.92393          0.294557
           2.92558          0.294302
           2.92724          0.294083
           2.92889          0.294081
           2.93055          0.294013
           2.93220          0.294042
           2.93386          0.293951
           2.93552          0.293729
           2.93719          0.293575
           2.93885          0.293398
           2.94052          0.293129
           2.94219          0.293034
           2.94386          0.293157
           2.94553          0.293236
           2.94721          0.293184
           2.94888          0.292915
           2.95056          0.292780
           2.95224          0.292773
           2.95392          0.292891
           2.95561          0.292925
           2.95729          0.292802
           2.95898          0.292605
           2.96067          0.292416
           2.96236          0.292330
           2.96406          0.292275
           2.96575          0.292141
           2.96745          0.291847
           2.96915          0.291678
           2.97085          0.291766
           2.97255          0.291873
           2.97426          0.291856
           2.97597          0.291785
           2.97768          0.291800
           2.97939          0.291705
           2.98110          0.291569
           2.98282          0.291491
           2.98453          0.291374
           2.98625          0.291254
           2.98797          0.291428
           2.98970          0.291485
           2.99142          0.291200
           2.99315          0.291147
           2.99488          0.291053
           2.99661          0.290910
           2.99834          0.290952
           3.00008          0.291043
           3.00182          0.291127
           3.00355          0.291007
           3.00530          0.290936
           3.00704          0.290865
           3.00878          0.290784
           3.01053          0.290777
           3.01228          0.290795
           3.01403          0.290842
           3.01579          0.290949
           3.01754          0.290997
           3.01930          0.290950
           3.02106          0.290875
           3.02282          0.290801
           3.02458          0.290417
           3.02635          0.290291
           3.02812          0.290455
           3.02989          0.290563
           3.03166          0.290578
           3.03343          0.290597
           3.03521          0.290611
           3.03699          0.290583
           3.03877          0.290394
           3.04055          0.290436
           3.04233          0.290523
           3.04412          0.290484
           3.04591          0.290596
           3.04770          0.290692
           3.04949          0.290558
           3.05129          0.290442
           3.05308          0.290434
           3.05488          0.290501
           3.05668          0.290585
           3.05849          0.290407
           3.06029          0.290264
           3.06210          0.290280
           3.06391          0.290355
           3.06572          0.290373
           3.06754          0.290254
           3.06935          0.290106
           3.07117          0.290140
           3.07299          0.290182
           3.07481          0.290199
           3.07664          0.290274
           3.07847          0.290388
           3.08029          0.290267
           3.08213          0.290206
           3.08396          0.290259
           3.08579          0.290232
           3.08763          0.290245
           3.08947          0.290250
           3.09131          0.290190
           3.09316          0.290006
           3.09501          0.290073
           3.09685          0.290258
           3.09871          0.290190
           3.10056          0.290225
           3.10241          0.290269
           3.10427          0.290314
           3.10613          0.290315
           3.10799          0.290336
           3.10986          0.290413
           3.11173          0.290449
           3.11359          0.290434
           3.11547          0.290451
           3.11734          0.290562
           3.11921          0.290593
           3.12109          0.290630
           3.12297          0.290688
           3.12486          0.290808
           3.12674          0.290861
           3.12863          0.290816
           3.13052          0.290826
           3.13241          0.290992
           3.13430          0.291086
           3.13620          0.291288
           3.13810          0.291444
           3.14000          0.291586
           3.14190          0.291762
           3.14381          0.291929
           3.14571          0.291927
           3.14762          0.292053
           3.14954          0.292196
           3.15145          0.292205
           3.15337          0.292371
           3.15529          0.292600
           3.15721          0.292818
           3.15913          0.292979
           3.16106          0.293108
           3.16299          0.293252
           3.16492          0.293354
           3.16685          0.293419
           3.16879          0.293612
           3.17072          0.293857
           3.17267          0.293947
           3.17461          0.294092
           3.17655          0.294366
           3.17850          0.294576
           3.18045          0.294827
           3.18240          0.295099
           3.18436          0.295195
           3.18632          0.295167
           3.18827          0.295260
           3.19024          0.295495
           3.19220          0.295818
           3.19417          0.296155
           3.19614          0.296347
           3.19811          0.296448
           3.20008          0.296656
           3.20206          0.296766
           3.20404          0.296964
           3.20602          0.297146
           3.20800          0.297244
           3.20999          0.297303
           3.21198          0.297688
           3.21397          0.298081
           3.21596          0.298201
           3.21796          0.298311
           3.21996          0.298513
           3.22196          0.298672
           3.22396          0.298803
           3.22597          0.298984
           3.22798          0.299245
           3.22999          0.299583
           3.23200          0.299711
           3.23402          0.299794
           3.23604          0.299847
           3.23806          0.299986
           3.24008          0.300205
           3.24211          0.300408
           3.24414          0.300475
           3.24617          0.300513
           3.24820          0.300559
           3.25024          0.300912
           3.25228          0.301304
           3.25432          0.301423
           3.25637          0.301414
           3.25841          0.301551
           3.26046          0.301722
           3.26251          0.301952
           3.26457          0.302106
           3.26663          0.302279
           3.26869          0.302320
           3.27075          0.302458
           3.27281          0.302602
           3.27488          0.302854
           3.27695          0.303044
           3.27902          0.303060
           3.28110          0.303165
           3.28318          0.303264
           3.28526          0.303374
           3.28734          0.303484
           3.28943          0.303616
           3.29151          0.303851
           3.29361          0.304034
           3.29570          0.304051
           3.29780          0.304051
           3.29990          0.304269
           3.30200          0.304434
           3.30410          0.304561
           3.30621          0.304654
           3.30832          0.304720
           3.31043          0.304766
           3.31255          0.304778
           3.31466          0.304884
           3.31679          0.304941
           3.31891          0.304847
           3.32103          0.304898
           3.32316          0.305134
           3.32529          0.305297
           3.32743          0.305287
           3.32957          0.305434
           3.33171          0.305477
           3.33385          0.305542
           3.33599          0.305518
           3.33814          0.305543
           3.34029          0.305570
           3.34245          0.305427
           3.34460          0.305291
           3.34676          0.305270
           3.34892          0.305247
           3.35109          0.305101
           3.35326          0.304895
           3.35543          0.304731
           3.35760          0.304497
           3.35978          0.304383
           3.36196          0.304257
           3.36414          0.304070
           3.36632          0.303822
           3.36851          0.303589
           3.37070          0.303266
           3.37289          0.303067
           3.37509          0.302867
           3.37729          0.302718
           3.37949          0.302593
           3.38169          0.302500
           3.38390          0.302539
           3.38611          0.302583
           3.38832          0.302560
           3.39054          0.302597
           3.39276          0.302544
           3.39498          0.302402
           3.39721          0.302209
           3.39943          0.301962
           3.40166          0.301688
           3.40390          0.301378
           3.40613          0.301078
           3.40837          0.300726
           3.41061          0.300321
           3.41286          0.300063
           3.41511          0.299901
           3.41736          0.299769
           3.41961          0.299818
           3.42187          0.299984
           3.42413          0.300236
           3.42639          0.300692
           3.42866          0.301154
           3.43093          0.301604
           3.43320          0.301958
           3.43548          0.302410
           3.43776          0.302830
           3.44004          0.303120
           3.44232          0.303352
           3.44461          0.303563
           3.44690          0.303717
           3.44919          0.303782
           3.45149          0.303980
           3.45379          0.304083
           3.45609          0.304094
           3.45840          0.304237
           3.46070          0.304458
           3.46302          0.304601
           3.46533          0.304591
           3.46765          0.304649
           3.46997          0.304561
           3.47229          0.304445
           3.47462          0.304346
           3.47695          0.304327
           3.47929          0.304097
           3.48162          0.303876
           3.48396          0.303915
           3.48630          0.303975
           3.48865          0.303807
           3.49100          0.303711
           3.49335          0.303685
           3.49571          0.303570
           3.49807          0.303468
           3.50043          0.303468
           3.50279          0.303423
           3.50516          0.303439
           3.50753          0.303664
           3.50991          0.303950
           3.51229          0.304166
           3.51467          0.304511
           3.51705          0.304797
           3.51944          0.305154
           3.52183          0.305377
           3.52423          0.305510
           3.52662          0.305792
           3.52902          0.306038
           3.53143          0.306164
           3.53383          0.306341
           3.53624          0.306513
           3.53866          0.306578
           3.54108          0.306659
           3.54350          0.306656
           3.54592          0.306728
           3.54835          0.306837
           3.55078          0.306827
           3.55321          0.306777
           3.55565          0.306815
           3.55809          0.306833
           3.56053          0.306852
           3.56298          0.306893
           3.56543          0.306938
           3.56788          0.306931
           3.57034          0.306903
           3.57280          0.306800
           3.57527          0.306739
           3.57773          0.306768
           3.58020          0.306726
           3.58268          0.306659
           3.58516          0.306607
           3.58764          0.306580
           3.59012          0.306568
           3.59261          0.306715
           3.59510          0.306731
           3.59760          0.306612
           3.60009          0.306488
           3.60260          0.306377
           3.60510          0.306244
           3.60761          0.306255
           3.61012          0.306291
           3.61264          0.306185
           3.61516          0.306111
           3.61768          0.306030
           3.62021          0.305920
           3.62274          0.305935
           3.62527          0.305938
           3.62781          0.305841
           3.63035          0.305755
           3.63289          0.305582
           3.63544          0.305483
           3.63799          0.305472
           3.64054          0.305375
           3.64310          0.305328
           3.64566          0.305277
           3.64823          0.305205
           3.65080          0.305132
           3.65337          0.304964
           3.65595          0.304843
           3.65853          0.304795
           3.66111          0.304695
           3.66370          0.304595
           3.66629          0.304468
           3.66889          0.304361
           3.67148          0.304272
           3.67409          0.304201
           3.67669          0.304081
           3.67930          0.304008
           3.68191          0.303972
           3.68453          0.303922
           3.68715          0.303894
           3.68978          0.303792
           3.69240          0.303621
           3.69504          0.303504
           3.69767          0.303340
           3.70031          0.303213
           3.70295          0.303182
           3.70560          0.303135
           3.70825          0.302961
           3.71091          0.302849
           3.71356          0.302757
           3.71623          0.302635
           3.71889          0.302500
           3.72156          0.302418
           3.72423          0.302278
           3.72691          0.302100
           3.72959          0.301966
           3.73228          0.301869
           3.73497          0.301722
           3.73766          0.301633
           3.74036          0.301515
           3.74306          0.301348
           3.74576          0.301184
           3.74847          0.301076
           3.75118          0.300931
           3.75390          0.300878
           3.75662          0.300729
           3.75934          0.300572
           3.76207          0.300481
           3.76480          0.300384
           3.76754          0.300185
           3.77028          0.299982
           3.77302          0.299827
           3.77577          0.299809
           3.77852          0.299658
           3.78128          0.299509
           3.78404          0.299379
           3.78680          0.299234
           3.78957          0.299050
           3.79234          0.298911
           3.79512          0.298778
           3.79790          0.298655
           3.80069          0.298490
           3.80347          0.298334
           3.80627          0.298132
           3.80906          0.297980
           3.81186          0.297865
           3.81467          0.297686
           3.81748          0.297529
           3.82029          0.297379
           3.82311          0.297236
           3.82593          0.297106
           3.82876          0.296920
           3.83159          0.296783
           3.83442          0.296588
           3.83726          0.296425
           3.84010          0.296294
           3.84295          0.296142
           3.84580          0.295927
           3.84865          0.295751
           3.85151          0.295569
           3.85438          0.295413
           3.85724          0.295295
           3.86012          0.295173
           3.86299          0.295010
           3.86587          0.294886
           3.86876          0.294741
           3.87165          0.294512
           3.87454          0.294271
           3.87744          0.294060
           3.88034          0.293899
           3.88325          0.293713
           3.88616          0.293591
           3.88907          0.293424
           3.89199          0.293149
           3.89492          0.293017
           3.89785          0.292877
           3.90078          0.292730
           3.90372          0.292547
           3.90666          0.292276
           3.90960          0.292111
           3.91255          0.291985
           3.91551          0.291763
           3.91847          0.291498
           3.92143          0.291337
           3.92440          0.291130
           3.92738          0.290923
           3.93035          0.290787
           3.93333          0.290564
           3.93632          0.290359
           3.93931          0.290130
           3.94231          0.289954
           3.94531          0.289721
           3.94831          0.289479
           3.95132          0.289297
           3.95434          0.289128
           3.95735          0.288877
           3.96038          0.288693
           3.96341          0.288505
           3.96644          0.288237
           3.96948          0.288020
           3.97252          0.287838
           3.97556          0.287595
           3.97861          0.287363
           3.98167          0.287152
           3.98473          0.286975
           3.98780          0.286782
           3.99087          0.286546
           3.99394          0.286293
           3.99702          0.286003
           4.00010          0.285710
           4.00319          0.285520
           4.00629          0.285372
           4.00939          0.285136
           4.01249          0.284884
           4.01560          0.284639
           4.01871          0.284371
           4.02183          0.284156
           4.02495          0.283882
           4.02808          0.283658
           4.03121          0.283473
           4.03435          0.283218
           4.03749          0.282940
           4.04064          0.282681
           4.04379          0.282447
           4.04694          0.282197
           4.05011          0.281885
           4.05327          0.281638
           4.05644          0.281385
           4.05962          0.281147
           4.06280          0.280891
           4.06599          0.280574
           4.06918          0.280312
           4.07238          0.280054
           4.07558          0.279750
           4.07878          0.279471
           4.08200          0.279237
           4.08521          0.279014
           4.08843          0.278709
           4.09166          0.278489
           4.09489          0.278256
           4.09813          0.278040
           4.10137          0.277822
           4.10462          0.277528
           4.10787          0.277192
           4.11113          0.276893
           4.11439          0.276660
           4.11766          0.276480
           4.12093          0.276267
           4.12421          0.276054
           4.12750          0.275841
           4.13079          0.275602
           4.13408          0.275347
           4.13738          0.275082
           4.14068          0.274875
           4.14399          0.274634
           4.14731          0.274469
           4.15063          0.274254
           4.15395          0.273997
           4.15729          0.273755
           4.16062          0.273501
           4.16396          0.273295
           4.16731          0.273089
           4.17066          0.272798
           4.17402          0.272526
           4.17739          0.272332
           4.18075          0.272089
           4.18413          0.271844
           4.18751          0.271576
           4.19089          0.271334
           4.19428          0.270999
           4.19768          0.270744
           4.20108          0.270543
           4.20449          0.270305
           4.20790          0.270109
           4.21132          0.270040
           4.21474          0.269980
           4.21817          0.269838
           4.22161          0.269745
           4.22505          0.269630
           4.22850          0.269478
           4.23195          0.269355
           4.23540          0.269205
           4.23887          0.268952
           4.24234          0.268639
           4.24581          0.268280
           4.24929          0.267918
           4.25278          0.267499
           4.25627          0.267032
           4.25977          0.266535
           4.26327          0.266303
           4.26678          0.266299
           4.27029          0.266246
           4.27381          0.266108
           4.27734          0.265846
           4.28087          0.265559
           4.28441          0.265294
           4.28795          0.265103
           4.29150          0.264835
           4.29506          0.264570
           4.29862          0.264264
           4.30219          0.263927
           4.30576          0.263601
           4.30934          0.263289
           4.31292          0.262958
           4.31652          0.262680
           4.32011          0.262401
           4.32372          0.262094
           4.32732          0.261810
           4.33094          0.261517
           4.33456          0.261236
           4.33819          0.261004
           4.34182          0.260756
           4.34546          0.260466
           4.34911          0.260218
           4.35276          0.260018
           4.35642          0.259745
           4.36008          0.259466
           4.36375          0.259207
           4.36743          0.258975
           4.37111          0.258757
           4.37480          0.258541
           4.37849          0.258300
           4.38219          0.258037
           4.38590          0.257760
           4.38961          0.257469
           4.39333          0.257211
           4.39706          0.256980
           4.40079          0.256816
           4.40453          0.256631
           4.40828          0.256354
           4.41203          0.256067
           4.41579          0.255837
           4.41955          0.255627
           4.42332          0.255296
           4.42710          0.255033
           4.43088          0.254815
           4.43468          0.254569
           4.43847          0.254370
           4.44228          0.254168
           4.44608          0.253944
           4.44990          0.253746
           4.45372          0.253492
           4.45755          0.253242
           4.46139          0.252970
           4.46523          0.252776
           4.46908          0.252550
           4.47294          0.252334
           4.47680          0.252097
           4.48067          0.251850
           4.48455          0.251580
           4.48843          0.251345
           4.49232          0.251114
           4.49621          0.250896
           4.50012          0.250682
           4.50403          0.250459
           4.50794          0.250277
           4.51187          0.250067
           4.51580          0.249824
           4.51973          0.249610
           4.52368          0.249394
           4.52763          0.249181
           4.53159          0.248933
           4.53555          0.248677
           4.53952          0.248426
           4.54350          0.248229
           4.54749          0.248044
           4.55148          0.247814
           4.55548          0.247579
           4.55949          0.247359
           4.56350          0.247136
           4.56752          0.246947
           4.57155          0.246792
           4.57558          0.246575
           4.57963          0.246312
           4.58367          0.246071
           4.58773          0.245850
           4.59179          0.245698
           4.59586          0.245495
           4.59994          0.245259
           4.60403          0.245007
           4.60812          0.244794
           4.61222          0.244595
           4.61633          0.244366
           4.62044          0.244158
           4.62456          0.243945
           4.62869          0.243708
           4.63283          0.243505
           4.63697          0.243305
           4.64112          0.243050
           4.64528          0.242815
           4.64945          0.242628
           4.65362          0.242451
           4.65780          0.242231
           4.66199          0.242005
           4.66619          0.241787
           4.67039          0.241517
           4.67460          0.241320
           4.67882          0.241167
           4.68305          0.240971
           4.68728          0.240812
           4.69152          0.240593
           4.69577          0.240375
           4.70003          0.240153
           4.70430          0.239915
           4.70857          0.239710
           4.71285          0.239544
           4.71714          0.239378
           4.72143          0.239218
           4.72574          0.239033
           4.73005          0.238828
           4.73437          0.238608
           4.73870          0.238407
           4.74303          0.238264
           4.74738          0.238062
           4.75173          0.237797
           4.75609          0.237567
           4.76045          0.237417
           4.76483          0.237204
           4.76921          0.236999
           4.77360          0.236813
           4.77800          0.236622
           4.78241          0.236414
           4.78683          0.236263
           4.79125          0.236109
           4.79568          0.235906
           4.80013          0.235718
           4.80457          0.235509
           4.80903          0.235276
           4.81350          0.235068
           4.81797          0.234876
           4.82245          0.234715
           4.82694          0.234504
           4.83144          0.234268
           4.83595          0.234061
           4.84046          0.233885
           4.84499          0.233690
           4.84952          0.233546
           4.85406          0.233358
           4.85861          0.233199
           4.86317          0.232944
           4.86773          0.232745
           4.87231          0.232581
           4.87689          0.232416
           4.88148          0.232214
           4.88608          0.232009
           4.89069          0.231794
           4.89531          0.231618
           4.89994          0.231445
           4.90457          0.231208
           4.90922          0.231004
           4.91387          0.230867
           4.91853          0.230657
           4.92321          0.230449
           4.92788          0.230247
           4.93257          0.230051
           4.93727          0.229781
           4.94198          0.229573
           4.94669          0.229420
           4.95142          0.229257
           4.95615          0.229057
           4.96090          0.228851
           4.96565          0.228614
           4.97041          0.228365
           4.97518          0.228098
           4.97996          0.227886
           4.98475          0.227709
           4.98954          0.227463
           4.99435          0.227221
           4.99917          0.226955
           5.00399          0.226730
           5.00883          0.226529
           5.01367          0.226307
           5.01852          0.226082
           5.02339          0.225822
           5.02826          0.225584
           5.03314          0.225355
           5.03803          0.225103
           5.04293          0.224825
           5.04784          0.224583
           5.05276          0.224298
           5.05769          0.224010
           5.06263          0.223713
           5.06758          0.223419
           5.07254          0.223130
           5.07751          0.222783
           5.08249          0.222363
           5.08747          0.221991
           5.09247          0.221688
           5.09748          0.221322
           5.10250          0.220867
           5.10752          0.220415
           5.11256          0.219977
           5.11761          0.219525
           5.12266          0.219053
           5.12773          0.218580
           5.13281          0.218109
           5.13789          0.217623
           5.14299          0.217164
           5.14810          0.216663
           5.15322          0.216135
           5.15834          0.215679
           5.16348          0.215228
           5.16863          0.214766
           5.17379          0.214302
           5.17896          0.213862
           5.18413          0.213459
           5.18932          0.213025
           5.19452          0.212664
           5.19973          0.212331
           5.20496          0.212026
           5.21019          0.211757
           5.21543          0.211516
           5.22068          0.211289
           5.22594          0.211111
           5.23122          0.210924
           5.23650          0.210776
           5.24179          0.210707
           5.24710          0.210552
           5.25242          0.210405
           5.25774          0.210264
           5.26308          0.210113
           5.26843          0.209966
           5.27379          0.209787
           5.27916          0.209623
           5.28454          0.209454
           5.28993          0.209271
           5.29534          0.209124
           5.30075          0.208928
           5.30618          0.208643
           5.31161          0.208372
           5.31706          0.208104
           5.32252          0.207820
           5.32799          0.207534
           5.33347          0.207199
           5.33896          0.206804
           5.34447          0.206413
           5.34998          0.206023
           5.35551          0.205649
           5.36105          0.205191
           5.36660          0.204745
           5.37216          0.204331
           5.37773          0.203908
           5.38332          0.203513
           5.38891          0.203124
           5.39452          0.202730
           5.40014          0.202385
           5.40577          0.202038
           5.41141          0.201771
           5.41707          0.201535
           5.42274          0.201296
           5.42841          0.201084
           5.43410          0.200817
           5.43981          0.200606
           5.44552          0.200428
           5.45125          0.200199
           5.45698          0.199950
           5.46273          0.199742
           5.46850          0.199551
           5.47427          0.199268
           5.48006          0.199010
           5.48586          0.198765
           5.49167          0.198474
           5.49749          0.198171
           5.50333          0.197778
           5.50918          0.197349
           5.51504          0.196917
           5.52091          0.196453
           5.52680          0.195921
           5.53269          0.195349
           5.53861          0.194841
           5.54453          0.194376
           5.55047          0.193895
           5.55641          0.193459
           5.56238          0.192999
           5.56835          0.192562
           5.57434          0.192180
           5.58034          0.191857
           5.58635          0.191577
           5.59238          0.191253
           5.59842          0.190933
           5.60447          0.190642
           5.61054          0.190330
           5.61661          0.190057
           5.62271          0.189807
           5.62881          0.189490
           5.63493          0.189203
           5.64106          0.188896
           5.64721          0.188641
           5.65336          0.188230
           5.65954          0.187810
           5.66572          0.187356
           5.67192          0.186919
           5.67813          0.186475
           5.68436          0.185900
           5.69060          0.185230
           5.69685          0.184610
           5.70312          0.183955
           5.70940          0.183448
           5.71569          0.183111
           5.72200          0.182905
           5.72833          0.182847
           5.73466          0.182912
           5.74101          0.183189
           5.74738          0.183556
           5.75376          0.184065
           5.76015          0.184636
           5.76656          0.185373
           5.77298          0.186320
           5.77941          0.187190
           5.78586          0.188227
           5.79233          0.189341
           5.79881          0.190516
           5.80530          0.191674
           5.81181          0.192897
           5.81833          0.194068
           5.82487          0.195208
           5.83142          0.196179
           5.83799          0.196999
           5.84457          0.197761
           5.85117          0.198444
           5.85778          0.198983
           5.86441          0.199330
           5.87105          0.199643
           5.87770          0.199769
           5.88438          0.199967
           5.89106          0.199895
           5.89776          0.199823
           5.90448          0.199684
           5.91121          0.199317
           5.91796          0.199119
           5.92473          0.198884
           5.93150          0.198720
           5.93830          0.198648
           5.94511          0.198495
           5.95193          0.198181
           5.95878          0.198039
           5.96563          0.197937
           5.97251          0.198011
           5.97939          0.197921
           5.98630          0.197906
           5.99322          0.197975
           6.00016          0.198037
           6.00711          0.198119
           6.01408          0.198231
           6.02106          0.198256
           6.02806          0.198109
           6.03508          0.197869
           6.04212          0.197582
           6.04917          0.197372
           6.05623          0.196901
           6.06332          0.195963
           6.07042          0.195399
           6.07753          0.194881
           6.08467          0.194327
           6.09182          0.193864
           6.09898          0.193730
           6.10617          0.193887
           6.11337          0.194430
           6.12058          0.195361
           6.12782          0.196480
           6.13507          0.197810
           6.14234          0.199418
           6.14963          0.201106
           6.15693          0.202810
           6.16425          0.204482
           6.17159          0.206055
           6.17895          0.207443
           6.18632          0.208803
           6.19371          0.210122
           6.20112          0.211178
           6.20854          0.212198
           6.21599          0.213176
           6.22345          0.214073
           6.23093          0.214861
           6.23843          0.215604
           6.24595          0.216337
           6.25348          0.216968
           6.26103          0.217524
           6.26860          0.218065
           6.27619          0.218560
           6.28380          0.218998
           6.29143          0.219443
           6.29907          0.219916
           6.30673          0.220354
           6.31442          0.220745
           6.32212          0.221054
           6.32984          0.221357
           6.33757          0.221670
           6.34533          0.222074
           6.35311          0.222430
           6.36090          0.222585
           6.36872          0.222902
           6.37655          0.223186
           6.38440          0.223391
           6.39227          0.223586
           6.40017          0.223865
           6.40808          0.224127
           6.41601          0.224526
           6.42396          0.224706
           6.43193          0.224713
           6.43992          0.224927
           6.44793          0.225087
           6.45596          0.225313
           6.46401          0.225509
           6.47208          0.225655
           6.48017          0.225790
           6.48828          0.225932
           6.49641          0.226211
           6.50456          0.226364
           6.51273          0.226373
           6.52092          0.226533
           6.52914          0.226722
           6.53737          0.226818
           6.54563          0.226937
           6.55390          0.227033
           6.56220          0.227215
           6.57051          0.227337
           6.57885          0.227603
           6.58721          0.227565
           6.59559          0.227585
           6.60399          0.227605
           6.61242          0.227624
           6.62086          0.227751
           6.62933          0.227875
           6.63782          0.228118
           6.64633          0.228295
           6.65486          0.228245
           6.66341          0.228343
           6.67199          0.228498
           6.68059          0.228643
           6.68921          0.228792
           6.69785          0.228839
           6.70651          0.228919
           6.71520          0.228988
           6.72391          0.228988
           6.73264          0.229000
           6.74140          0.228977
           6.75018          0.228993
           6.75898          0.229040
           6.76780          0.229100
           6.77665          0.229188
           6.78552          0.229217
           6.79441          0.229297
           6.80333          0.229269
           6.81227          0.229229
           6.82123          0.229333
           6.83022          0.229501
           6.83923          0.229646
           6.84826          0.229795
           6.85732          0.229992
           6.86640          0.230219
           6.87551          0.230282
           6.88464          0.230187
           6.89380          0.230237
           6.90298          0.230181
           6.91218          0.230140
           6.92141          0.230014
           6.93066          0.229902
           6.93994          0.229758
           6.94924          0.229606
           6.95857          0.229489
           6.96792          0.229333
           6.97730          0.228966
           6.98670          0.228681
           6.99613          0.228374
           7.00559          0.228032
           7.01507          0.227646
           7.02457          0.227374
           7.03410          0.227098
           7.04366          0.226898
           7.05325          0.226799
           7.06285          0.226575
           7.07249          0.226429
           7.08215          0.226355
           7.09184          0.226289
           7.10155          0.226244
           7.11130          0.226228
           7.12106          0.226199
           7.13086          0.226096
           7.14068          0.225969
           7.15053          0.225842
           7.16041          0.225627
           7.17031          0.225414
           7.18024          0.225194
           7.19020          0.224850
           7.20019          0.224592
           7.21020          0.224302
           7.22024          0.223921
           7.23031          0.223499
           7.24041          0.223148
           7.25054          0.222818
           7.26069          0.222566
           7.27088          0.222273
           7.28109          0.222074
           7.29133          0.221861
           7.30160          0.221634
           7.31190          0.221388
           7.32222          0.221172
           7.33258          0.220973
           7.34297          0.220762
           7.35338          0.220454
           7.36383          0.220173
           7.37430          0.219878
           7.38481          0.219524
           7.39534          0.219181
           7.40591          0.218806
           7.41650          0.218448
           7.42713          0.218132
           7.43778          0.217800
           7.44847          0.217468
           7.45919          0.217082
           7.46994          0.216743
           7.48071          0.216411
           7.49152          0.216059
           7.50237          0.215672
           7.51324          0.215307
           7.52414          0.214968
           7.53508          0.214611
           7.54605          0.214171
           7.55705          0.213721
           7.56808          0.213250
           7.57915          0.212726
           7.59024          0.212143
           7.60137          0.211478
           7.61253          0.210793
           7.62373          0.210055
           7.63496          0.209241
           7.64622          0.208429
           7.65751          0.207623
           7.66884          0.206728
           7.68020          0.205841
           7.69159          0.204937
           7.70302          0.204055
           7.71449          0.203236
           7.72598          0.202408
           7.73752          0.201532
           7.74908          0.200677
           7.76068          0.199828
           7.77232          0.199029
           7.78399          0.198273
           7.79569          0.197518
           7.80743          0.196804
           7.81921          0.196150
           7.83102          0.195566
           7.84287          0.195104
           7.85475          0.194718
           7.86667          0.194345
           7.87862          0.194044
           7.89062          0.193849
           7.90264          0.193726
           7.91471          0.193589
           7.92681          0.193400
           7.93895          0.193214
           7.95113          0.193006
           7.96334          0.192846
           7.97559          0.192678
           7.98788          0.192499
           8.00021          0.192334
           8.01257          0.192194
           8.02498          0.192042
           8.03742          0.191885
           8.04990          0.191690
           8.06242          0.191490
           8.07498          0.191217
           8.08757          0.190955
           8.10021          0.190661
           8.11289          0.190365
           8.12560          0.190008
           8.13836          0.189601
           8.15116          0.189103
           8.16399          0.188524
           8.17687          0.187845
           8.18979          0.187114
           8.20275          0.186308
           8.21575          0.185397
           8.22879          0.184428
           8.24187          0.183397
           8.25499          0.182229
           8.26816          0.180960
           8.28137          0.179664
           8.29462          0.178288
           8.30791          0.176865
           8.32124          0.175430
           8.33462          0.173898
           8.34804          0.172345
           8.36151          0.170756
           8.37502          0.169101
           8.38857          0.167378
           8.40216          0.165644
           8.41580          0.163853
           8.42949          0.162046
           8.44322          0.160149
           8.45699          0.158235
           8.47081          0.156273
           8.48467          0.154301
           8.49858          0.152361
           8.51254          0.150460
           8.52654          0.148563
           8.54058          0.146689
           8.55468          0.144707
           8.56882          0.142706
           8.58300          0.140777
           8.59724          0.138901
           8.61152          0.136990
           8.62585          0.135087
           8.64023          0.133196
           8.65465          0.131360
           8.66912          0.129480
           8.68364          0.127605
           8.69821          0.125637
           8.71283          0.123592
           8.72750          0.121502
           8.74222          0.119453
           8.75699          0.117309
           8.77180          0.115125
           8.78667          0.112886
           8.80159          0.110658
           8.81656          0.108360
           8.83158          0.106100
           8.84665          0.103903
           8.86177          0.101791
           8.87694          0.099779
           8.89217          0.097933
           8.90745          0.096120
           8.92278          0.094434
           8.93816          0.092724
           8.95360          0.091022
           8.96909          0.089326
           8.98464          0.087659
           9.00023          0.085941
           9.01589          0.084249
           9.03159          0.082464
           9.04736          0.080792
           9.06317          0.079158
           9.07905          0.077531
           9.09497          0.075916
           9.11096          0.074309
           9.12700          0.072556
           9.14310          0.070773
           9.15925          0.069068
           9.17546          0.067494
           9.19173          0.065777
           9.20806          0.064175
           9.22444          0.062635
           9.24088          0.061046
           9.25738          0.059480
           9.27394          0.058042
           9.29056          0.056583
           9.30724          0.055166
           9.32398          0.053807
           9.34078          0.052686
           9.35764          0.051701
           9.37457          0.050870
           9.39155          0.050104
           9.40859          0.049459
           9.42570          0.048828
           9.44287          0.048296
           9.46010          0.047827
           9.47740          0.047533
           9.49475          0.047376
           9.51217          0.047381
           9.52966          0.047497
           9.54721          0.047851
           9.56483          0.048328
           9.58250          0.049134
           9.60025          0.050180
           9.61806          0.051457
           9.63594          0.052958
           9.65388          0.054715
           9.67189          0.056636
           9.68997          0.058764
           9.70812          0.061082
           9.72633          0.063662
           9.74462          0.066300
           9.76297          0.069085
           9.78139          0.071868
           9.79988          0.074468
           9.81844          0.076695
           9.83707          0.078621
           9.85577          0.080156
           9.87454          0.081317
           9.89339          0.082106
           9.91230          0.082586
           9.93129          0.082684
           9.95036          0.082704
           9.96949          0.082567
           9.98870          0.082177
          10.00798          0.081595
          10.02734          0.081007
          10.04677          0.080389
          10.06628          0.079715
          10.08587          0.078981
          10.10553          0.078291
          10.12526          0.077615
          10.14508          0.077016
          10.16497          0.076403
          10.18494          0.075890
          10.20499          0.075443
          10.22512          0.075142
          10.24533          0.074929
          10.26561          0.074859
          10.28598          0.074939
          10.30643          0.075191
          10.32696          0.075582
          10.34757          0.076245
          10.36827          0.077126
          10.38905          0.078362
          10.40991          0.079918
          10.43086          0.081914
          10.45188          0.084486
          10.47300          0.087737
          10.49420          0.091268
          10.51549          0.094409
          10.53686          0.096516
          10.55832          0.097323
          10.57987          0.096965
          10.60150          0.095766
          10.62323          0.093866
          10.64504          0.091453
          10.66694          0.089055
          10.68894          0.087194
          10.71102          0.085725
          10.73320          0.084274
          10.75547          0.082349
          10.77783          0.079672
          10.80028          0.076231
          10.82283          0.073311
          10.84547          0.073355
          10.86821          0.077338
          10.89104          0.082979
          10.91397          0.088299
          10.93699          0.093023
          10.96012          0.097304
          10.98334          0.101061
          11.00666          0.103931
          11.03007          0.105688
          11.05359          0.106822
          11.07721          0.107392
          11.10093          0.107589
          11.12475          0.107502
          11.14868          0.107279
          11.17271          0.106921
          11.19684          0.106377
          11.22107          0.105771
          11.24541          0.105205
          11.26986          0.104540
          11.29441          0.103866
          11.31907          0.103205
          11.34384          0.102625
          11.36872          0.102089
          11.39370          0.101638
          11.41880          0.101233
          11.44401          0.100905
          11.46933          0.100591
          11.49476          0.100326
          11.52030          0.099981
          11.54596          0.099641
          11.57173          0.099205
          11.59762          0.098421
          11.62362          0.097216
          11.64974          0.095629
          11.67598          0.093414
          11.70234          0.090718
          11.72881          0.087855
          11.75541          0.085100
          11.78213          0.082665
          11.80896          0.080746
          11.83592          0.079060
          11.86301          0.077395
          11.89022          0.075613
          11.91755          0.073509
          11.94501          0.070675
          11.97260          0.066999
          12.00031          0.062748
          12.02816          0.059496
          12.05613          0.059547
          12.08423          0.063230
          12.11246          0.067698
          12.14083          0.071037
          12.16933          0.073305
          12.19796          0.075282
          12.22673          0.077280
          12.25564          0.079401
          12.28468          0.081522
          12.31386          0.083727
          12.34318          0.085928
          12.37264          0.088225
          12.40224          0.090424
          12.43198          0.092434
          12.46186          0.094261
          12.49189          0.095991
          12.52207          0.097529
          12.55238          0.099079
          12.58285          0.100595
          12.61347          0.102130
          12.64423          0.103635
          12.67515          0.105049
          12.70621          0.106376
          12.73743          0.107692
          12.76881          0.108972
          12.80033          0.110051
          12.83202          0.110993
          12.86386          0.111881
          12.89586          0.112621
          12.92802          0.113312
          12.96034          0.113918
          12.99282          0.114401
          13.02546          0.114886
          13.05827          0.115487
          13.09125          0.116106
          13.12439          0.116699
          13.15770          0.117182
          13.19118          0.117645
          13.22483          0.118102
          13.25866          0.118516
          13.29265          0.118822
          13.32683          0.119054
          13.36117          0.119188
          13.39570          0.119347
          13.43040          0.119475
          13.46529          0.119488
          13.50035          0.119468
          13.53560          0.119416
          13.57103          0.119263
          13.60665          0.119041
          13.64246          0.118637
          13.67846          0.118165
          13.71464          0.117706
          13.75102          0.117249
          13.78759          0.116957
          13.82436          0.116737
          13.86132          0.116427
          13.89849          0.116080
          13.93585          0.115710
          13.97341          0.115346
          14.01117          0.114972
          14.04915          0.114388
          14.08732          0.113667
          14.12571          0.113049
          14.16430          0.112302
          14.20311          0.111431
          14.24213          0.110593
          14.28136          0.109672
          14.32081          0.108790
          14.36049          0.107999
          14.40038          0.107124
          14.44049          0.106153
          14.48082          0.105137
          14.52139          0.104099
          14.56218          0.102900
          14.60320          0.101684
          14.64445          0.100543
          14.68593          0.099333
          14.72766          0.098141
          14.76962          0.096899
          14.81181          0.095486
          14.85425          0.094017
          14.89694          0.092647
          14.93987          0.091278
          14.98305          0.090248
          15.02648          0.088866
          15.07016          0.087144
          15.11410          0.085589
          15.15829          0.084061
          15.20274          0.082671
          15.24746          0.081148
          15.29243          0.079518
          15.33768          0.077930
          15.38319          0.076439
          15.42897          0.074877
          15.47503          0.073325
          15.52136          0.071848
          15.56797          0.070447
          15.61487          0.068848
          15.66204          0.067223
          15.70950          0.065631
          15.75725          0.064062
          15.80529          0.062539
          15.85362          0.061012
          15.90226          0.059661
          15.95119          0.058529
          16.00042          0.057451
          16.04995          0.056612
          16.09980          0.055925
          16.14995          0.055288
          16.20042          0.054814
          16.25121          0.054720
          16.30231          0.054948
          16.35374          0.055389
          16.40549          0.055931
          16.45757          0.056885
          16.50998          0.058226
          16.56273          0.060038
          16.61582          0.061910
          16.66924          0.063942
          16.72302          0.066087
          16.77714          0.068110
          16.83161          0.069597
          16.88643          0.070713
          16.94162          0.071314
          16.99716          0.071729
          17.05308          0.071922
          17.10936          0.071785
          17.16601          0.071206
          17.22304          0.070421
          17.28045          0.069564
          17.33824          0.068596
          17.39643          0.067642
          17.45500          0.066650
          17.51397          0.065606
          17.57334          0.064903
          17.63311          0.064150
          17.69329          0.063515
          17.75389          0.063293
          17.81490          0.063026
          17.87633          0.062358
          17.93818          0.061701
          18.00047          0.061137
          18.06319          0.060588
          18.12635          0.060064
          18.18995          0.059616
          18.25400          0.059245
          18.31850          0.059162
          18.38346          0.059459
          18.44888          0.059938
          18.51477          0.060736
          18.58113          0.062177
          18.64797          0.063800
          18.71529          0.065689
          18.78310          0.067808
          18.85140          0.070077
          18.92020          0.072385
          18.98951          0.074578
          19.05932          0.076603
          19.12965          0.078477
          19.20050          0.080049
          19.27188          0.081449
          19.34379          0.082542
          19.41624          0.083546
          19.48923          0.084236
          19.56277          0.084759
          19.63688          0.084974
          19.71154          0.085184
          19.78678          0.085139
          19.86259          0.084942
          19.93898          0.084470
          20.01596          0.083755
          20.09355          0.082973
          20.17173          0.082379
          20.25053          0.081653
          20.32994          0.080977
          20.40998          0.080095
          20.49065          0.078933
          20.57196          0.077878
          20.65392          0.077191
          20.73654          0.076337
          20.81982          0.075717
          20.90377          0.075329
          20.98840          0.075606
          21.07372          0.076100
          21.15973          0.076084
          21.24646          0.075642
          21.33389          0.075262
          21.42204          0.074685
          21.51093          0.073666
          21.60056          0.072110
          21.69094          0.070729
          21.78208          0.069616
          21.87399          0.068641
          21.96667          0.067633
          22.06015          0.067058
          22.15442          0.066496
          22.24951          0.065932
          22.34541          0.065256
          22.44214          0.065086
          22.53972          0.064846
          22.63814          0.064843
          22.73743          0.064946
          22.83760          0.065642
          22.93865          0.065583
          23.04060          0.064899
          23.14346          0.064236
          23.24724          0.064271
          23.35196          0.063828
          23.45763          0.062883
          23.56425          0.061720
          23.67185          0.060202
          23.78044          0.058500
          23.89002          0.057182
          24.00063          0.055716
          24.11226          0.054060
          24.22493          0.052350
          24.33866          0.051740
          24.45347          0.050602
          24.56936          0.049386
          24.68636          0.047857
          24.80447          0.046208
          24.92373          0.045136
          25.04413          0.044880
          25.16571          0.043844
          25.28846          0.042538
          25.41243          0.042038
          25.53761          0.044899
          25.66404          0.047492
          25.79172          0.049190
          25.92068          0.051046