0.3	0.80517
0.305	0.80127
0.31	0.80207
0.315	0.80617
0.32	0.8054
0.325	0.81132
0.33	0.81525
0.335	0.81923
0.34	0.82128
0.345	0.8227
0.35	0.82663
0.355	0.83225
0.36	0.83583
0.365	0.84111
0.37	0.84617
0.375	0.85057
0.38	0.85506
0.385	0.86093
0.39	0.86417
0.395	0.86902
0.4	0.87239
0.405	0.87621
0.41	0.87915
0.415	0.88272
0.42	0.88571
0.425	0.88973
0.43	0.89343
0.435	0.89684
0.44	0.8998
0.445	0.90275
0.45	0.90608
0.455	0.90769
0.46	0.90927
0.465	0.91142
0.47	0.91272
0.475	0.91431
0.48	0.91631
0.485	0.91782
0.49	0.92102
0.495	0.92361
0.5	0.92304
0.505	0.9275
0.51	0.92682
0.515	0.93237
0.52	0.93255
0.525	0.93627
0.53	0.93608
0.535	0.93872
0.54	0.9388
0.545	0.94059
0.55	0.94144
0.555	0.94226
0.56	0.94296
0.565	0.9432
0.57	0.94455
0.575	0.94545
0.58	0.94541
0.585	0.94621
0.59	0.94624
0.595	0.94731
0.6	0.94764
0.605	0.94537
0.61	0.94762
0.615	0.94808
0.62	0.94764
0.625	0.94728
0.63	0.94908
0.635	0.94783
0.64	0.94703
0.645	0.94738
0.65	0.94791
0.655	0.94748
0.66	0.94876
0.665	0.94752
0.67	0.94769
0.675	0.94623
0.68	0.94748
0.685	0.94775
0.69	0.94817
0.695	0.94851
0.7	0.94727
0.705	0.94923
0.71	0.94679
0.715	0.94982
0.72	0.94678
0.725	0.95079
0.73	0.94781
0.735	0.95008
0.74	0.94781
0.745	0.94958
0.75	0.94779
0.755	0.94776
0.76	0.94782
0.765	0.94712
0.77	0.94796
0.775	0.9467
0.78	0.94813
0.785	0.94712
0.79	0.94638
0.795	0.94615
0.8	0.94988
0.805	0.94609
0.81	0.94762
0.815	0.94757
0.82	0.94809
0.825	0.9486
0.83	0.94665
0.835	0.94889
0.84	0.94814
0.845	0.94875
0.85	0.94702
0.855	0.94265
0.86	0.94427
0.865	0.94372
0.87	0.94393
0.875	0.94289
0.88	0.94442
0.885	0.94592
0.89	0.94611
0.895	0.9453
0.9	0.94455
0.905	0.94413
0.91	0.94368
0.915	0.94278
0.92	0.94406
0.925	0.94234
0.93	0.9417
0.935	0.94251
0.94	0.94396
0.945	0.94148
0.95	0.94035
0.955	0.94117
0.96	0.93667
0.965	0.93724
0.97	0.93389
0.975	0.93296
0.98	0.93156
0.985	0.92771
0.99	0.92693
0.995	0.92376
1	0.92471
1.005	0.9261
1.01	0.92987
1.015	0.93256
1.02	0.93281
1.025	0.93341
1.03	0.93781
1.035	0.93844
1.04	0.94001
1.045	0.94264
1.05	0.94168
1.055	0.94277
1.06	0.94194
1.065	0.94319
1.07	0.94308
1.075	0.94452
1.08	0.9429
1.085	0.94431
1.09	0.94219
1.095	0.94035
1.1	0.94071
1.105	0.94094
1.11	0.94067
1.115	0.93889
1.12	0.93901
1.125	0.93852
1.13	0.93709
1.135	0.93601
1.14	0.93479
1.145	0.93305
1.15	0.93005
1.155	0.92319
1.16	0.92002
1.165	0.91121
1.17	0.90315
1.175	0.89552
1.18	0.89531
1.185	0.89178
1.19	0.89116
1.195	0.89099
1.2	0.89102
1.205	0.8898
1.21	0.88887
1.215	0.89465
1.22	0.89773
1.225	0.89838
1.23	0.89764
1.235	0.89948
1.24	0.90341
1.245	0.90727
1.25	0.90883
1.255	0.91117
1.26	0.91271
1.265	0.9143
1.27	0.91312
1.275	0.91485
1.28	0.91392
1.285	0.91441
1.29	0.9155
1.295	0.91458
1.3	0.91462
1.305	0.91241
1.31	0.91173
1.315	0.90977
1.32	0.90742
1.325	0.9032
1.33	0.89929
1.335	0.89426
1.34	0.88841
1.345	0.88418
1.35	0.87666
1.355	0.87001
1.36	0.8643
1.365	0.86011
1.37	0.85544
1.375	0.85149
1.38	0.84757
1.385	0.84514
1.39	0.84505
1.395	0.84258
1.4	0.83405
1.405	0.82432
1.41	0.80885
1.415	0.79248
1.42	0.77119
1.425	0.74836
1.43	0.73608
1.435	0.71558
1.44	0.68052
1.445	0.64219
1.45	0.6398
1.455	0.6689
1.46	0.69075
1.465	0.69949
1.47	0.70625
1.475	0.70944
1.48	0.71104
1.485	0.70756
1.49	0.69589
1.495	0.69783
1.5	0.71298
1.505	0.73296
1.51	0.744
1.515	0.75094
1.52	0.75004
1.525	0.74848
1.53	0.74443
1.535	0.73892
1.54	0.73807
1.545	0.74473
1.55	0.75694
1.555	0.77263
1.56	0.78612
1.565	0.79514
1.57	0.80443
1.575	0.80788
1.58	0.8163
1.585	0.82218
1.59	0.8275
1.595	0.83189
1.6	0.83836
1.605	0.84397
1.61	0.84946
1.615	0.85564
1.62	0.8608
1.625	0.863
1.63	0.86814
1.635	0.87154
1.64	0.87638
1.645	0.87966
1.65	0.88179
1.655	0.88471
1.66	0.88656
1.665	0.88813
1.67	0.88951
1.675	0.8899
1.68	0.88871
1.685	0.88476
1.69	0.88439
1.695	0.87701
1.7	0.87107
1.705	0.86057
1.71	0.85053
1.715	0.83731
1.72	0.8218
1.725	0.80708
1.73	0.79074
1.735	0.77482
1.74	0.75985
1.745	0.74835
1.75	0.74276
1.755	0.74284
1.76	0.74971
1.765	0.75647
1.77	0.75938
1.775	0.76302
1.78	0.76569
1.785	0.77218
1.79	0.78003
1.795	0.79021
1.8	0.79975
1.805	0.80579
1.81	0.81163
1.815	0.81531
1.82	0.81833
1.825	0.82048
1.83	0.82212
1.835	0.82187
1.84	0.82053
1.845	0.81609
1.85	0.81247
1.855	0.80529
1.86	0.79493
1.865	0.7805
1.87	0.76548
1.875	0.73948
1.88	0.71218
1.885	0.6875
1.89	0.65885
1.895	0.62807
1.9	0.60129
1.905	0.56784
1.91	0.53688
1.915	0.50527
1.92	0.46967
1.925	0.42949
1.93	0.38677
1.935	0.34274
1.94	0.31367
1.945	0.30353
1.95	0.30648
1.955	0.3248
1.96	0.36233
1.965	0.39324
1.97	0.40251
1.975	0.40818
1.98	0.41979
1.985	0.43365
1.99	0.44982
1.995	0.48058
2	0.52649
2.005	0.57284
2.01	0.60822
2.015	0.63335
2.02	0.65314
2.025	0.66604
2.03	0.67763
2.035	0.68596
2.04	0.69296
2.045	0.6995
2.05	0.70256
2.055	0.70544
2.06	0.70452
2.065	0.70248
2.07	0.7013
2.075	0.70176
2.08	0.70296
2.085	0.70184
2.09	0.69868
2.095	0.69417
2.1	0.69018
2.105	0.68412
2.11	0.67869
2.115	0.6729
2.12	0.66544
2.125	0.66131
2.13	0.65465
2.135	0.65031
2.14	0.6451
2.145	0.6413
2.15	0.63583
2.155	0.63001
2.16	0.62319
2.165	0.61719
2.17	0.61137
2.175	0.60653
2.18	0.60325
2.185	0.60211
2.19	0.60054
2.195	0.59746
2.2	0.59419
2.205	0.58608
2.21	0.57927
2.215	0.57191
2.22	0.56829
2.225	0.57308
2.23	0.5864
2.235	0.59654
2.24	0.60277
2.245	0.60701
2.25	0.60706
2.255	0.60707
2.26	0.60253
2.265	0.59827
2.27	0.59392
2.275	0.59675
2.28	0.60919
2.285	0.61728
2.29	0.62309
2.295	0.62766
2.3	0.63097
2.305	0.63202
2.31	0.63288
2.315	0.63207
2.32	0.63138
2.325	0.63016
2.33	0.62835
2.335	0.6259
2.34	0.62036
2.345	0.615
2.35	0.60686
2.355	0.6002
2.36	0.5905
2.365	0.58124
2.37	0.56967
2.375	0.55705
2.38	0.5416
2.385	0.52576
2.39	0.50687
2.395	0.4864
2.4	0.46345
2.405	0.4429
2.41	0.42302
2.415	0.40897
2.42	0.39788
2.425	0.39069
2.43	0.3855
2.435	0.38045
2.44	0.37643
2.445	0.37409
2.45	0.37309
2.455	0.37092
2.46	0.36641
2.465	0.36177
2.47	0.35533
2.475	0.34869
2.48	0.3438
2.485	0.34282
2.49	0.34311
2.495	0.34474
2.5	0.34712
2.505	0.35013
2.51	0.3536
2.515	0.35614
2.52	0.36147
2.525	0.36283
2.53	0.36491
2.535	0.36437
2.54	0.36444
2.545	0.36401
2.55	0.36045
2.555	0.35504
2.56	0.35582
2.565	0.35141
2.57	0.34589
2.575	0.34728
2.58	0.34359
2.585	0.34714
2.59	0.34507
2.595	0.34796
2.6	0.33929
	
	
	
	
	
	
	
	
	
	
	
	
	
	
	
	
	
	
	
