           0.30000          0.035455
           0.30500          0.035533
           0.31000          0.039121
           0.31500          0.036805
           0.32000          0.039709
           0.32500          0.041899
           0.33000          0.043718
           0.33500          0.045452
           0.34000          0.047814
           0.34500          0.052112
           0.35000          0.057005
           0.35500          0.061686
           0.36000          0.067048
           0.36500          0.072528
           0.37000          0.078204
           0.37500          0.082492
           0.38000          0.086854
           0.38500          0.091075
           0.39000          0.095503
           0.39500          0.099552
           0.40000          0.105028
           0.40500          0.107971
           0.41000          0.111897
           0.41500          0.115177
           0.42000          0.118476
           0.42500          0.120578
           0.43000          0.122241
           0.43500          0.123484
           0.44000          0.123729
           0.44500          0.123593
           0.45000          0.125632
           0.45500          0.128352
           0.46000          0.131715
           0.46500          0.135220
           0.47000          0.138784
           0.47500          0.142099
           0.48000          0.145794
           0.48500          0.149411
           0.49000          0.153061
           0.49500          0.157131
           0.50000          0.161655
           0.50500          0.166206
           0.51000          0.170298
           0.51500          0.176001
           0.52000          0.180910
           0.52500          0.184885
           0.53000          0.188897
           0.53500          0.190994
           0.54000          0.193004
           0.54500          0.195379
           0.55000          0.197069
           0.55500          0.199116
           0.56000          0.200567
           0.56500          0.201431
           0.57000          0.201916
           0.57500          0.201546
           0.58000          0.201064
           0.58500          0.199874
           0.59000          0.198311
           0.59500          0.196739
           0.60000          0.194879
           0.60500          0.192705
           0.61000          0.190764
           0.61500          0.189179
           0.62000          0.187636
           0.62500          0.186186
           0.63000          0.184842
           0.63500          0.184223
           0.64000          0.184031
           0.64500          0.184088
           0.65000          0.184627
           0.65500          0.184900
           0.66000          0.185760
           0.66500          0.186136
           0.67000          0.187121
           0.67500          0.188698
           0.68000          0.191165
           0.68500          0.191935
           0.69000          0.191987
           0.69500          0.193299
           0.70000          0.194606
           0.70500          0.196642
           0.71000          0.199441
           0.71500          0.202169
           0.72000          0.204210
           0.72500          0.205867
           0.73000          0.207187
           0.73500          0.208552
           0.74000          0.210046
           0.74500          0.211609
           0.75000          0.212916
           0.75500          0.214404
           0.76000          0.215793
           0.76500          0.217515
           0.77000          0.219017
           0.77500          0.219758
           0.78000          0.221059
           0.78500          0.222885
           0.79000          0.225144
           0.79500          0.226628
           0.80000          0.228481
           0.80500          0.231122
           0.81000          0.233232
           0.81500          0.235220
           0.82000          0.237251
           0.82500          0.238995
           0.83000          0.240004
           0.83500          0.242278
           0.84000          0.243479
           0.84500          0.244136
           0.85000          0.244114
           0.85500          0.244222
           0.86000          0.242977
           0.86500          0.241609
           0.87000          0.239605
           0.87500          0.236614
           0.88000          0.233812
           0.88500          0.229414
           0.89000          0.226059
           0.89500          0.222313
           0.90000          0.217376
           0.90500          0.213096
           0.91000          0.208398
           0.91500          0.203656
           0.92000          0.197748
           0.92500          0.193066
           0.93000          0.187003
           0.93500          0.182528
           0.94000          0.177765
           0.94500          0.173158
           0.95000          0.168163
           0.95500          0.164279
           0.96000          0.160281
           0.96500          0.156971
           0.97000          0.153494
           0.97500          0.150881
           0.98000          0.148124
           0.98500          0.145833
           0.99000          0.143649
           0.99500          0.141846
           1.00000          0.140571
           1.00500          0.139660
           1.01000          0.139436
           1.01500          0.138918
           1.02000          0.139090
           1.02500          0.139484
           1.03000          0.139882
           1.03500          0.141071
           1.04000          0.142313
           1.04500          0.143932
           1.05000          0.145569
           1.05500          0.147796
           1.06000          0.150386
           1.06500          0.153430
           1.07000          0.156497
           1.07500          0.159760
           1.08000          0.163519
           1.08500          0.167689
           1.09000          0.171670
           1.09500          0.176227
           1.10000          0.181115
           1.10500          0.185750
           1.11000          0.190810
           1.11500          0.195667
           1.12000          0.200817
           1.12500          0.206165
           1.13000          0.211263
           1.13500          0.216109
           1.14000          0.220856
           1.14500          0.226148
           1.15000          0.230706
           1.15500          0.235246
           1.16000          0.239863
           1.16500          0.244005
           1.17000          0.248916
           1.17500          0.252716
           1.18000          0.256652
           1.18500          0.260640
           1.19000          0.264246
           1.19500          0.267700
           1.20000          0.271829
           1.20500          0.275197
           1.21000          0.277928
           1.21500          0.281399
           1.22000          0.284201
           1.22500          0.287111
           1.23000          0.290414
           1.23500          0.293265
           1.24000          0.295680
           1.24500          0.298779
           1.25000          0.301985
           1.25500          0.304668
           1.26000          0.307557
           1.26500          0.309904
           1.27000          0.312617
           1.27500          0.315323
           1.28000          0.317337
           1.28500          0.320245
           1.29000          0.323070
           1.29500          0.325370
           1.30000          0.327766
           1.30500          0.330461
           1.31000          0.332697
           1.31500          0.335528
           1.32000          0.337988
           1.32500          0.340113
           1.33000          0.342640
           1.33500          0.344896
           1.34000          0.347583
           1.34500          0.349653
           1.35000          0.351471
           1.35500          0.353751
           1.36000          0.354269
           1.36500          0.357492
           1.37000          0.359538
           1.37500          0.362677
           1.38000          0.363389
           1.38500          0.366098
           1.39000          0.368559
           1.39500          0.370064
           1.40000          0.371881
           1.40500          0.374218
           1.41000          0.376931
           1.41500          0.379034
           1.42000          0.380448
           1.42500          0.382408
           1.43000          0.384024
           1.43500          0.385969
           1.44000          0.387532
           1.44500          0.389437
           1.45000          0.391218
           1.45500          0.393308
           1.46000          0.394451
           1.46500          0.396172
           1.47000          0.397534
           1.47500          0.398947
           1.48000          0.400989
           1.48500          0.401940
           1.49000          0.403586
           1.49500          0.404367
           1.50000          0.407139
           1.50500          0.408234
           1.51000          0.409380
           1.51500          0.410816
           1.52000          0.412296
           1.52500          0.413753
           1.53000          0.414421
           1.53500          0.415053
           1.54000          0.416667
           1.54500          0.417916
           1.55000          0.418872
           1.55500          0.419308
           1.56000          0.420106
           1.56500          0.421647
           1.57000          0.422478
           1.57500          0.423209
           1.58000          0.424379
           1.58500          0.425169
           1.59000          0.425892
           1.59500          0.426226
           1.60000          0.427294
           1.60500          0.427302
           1.61000          0.428839
           1.61500          0.429365
           1.62000          0.429282
           1.62500          0.428968
           1.63000          0.429021
           1.63500          0.429108
           1.64000          0.429643
           1.64500          0.430728
           1.65000          0.430869
           1.65500          0.431715
           1.66000          0.429705
           1.66500          0.431497
           1.67000          0.431495
           1.67500          0.431101
           1.68000          0.431309
           1.68500          0.431425
           1.69000          0.430622
           1.69500          0.430980
           1.70000          0.431287
           1.70500          0.430277
           1.71000          0.430786
           1.71500          0.430052
           1.72000          0.429883
           1.72500          0.429473
           1.73000          0.429283
           1.73500          0.429509
           1.74000          0.428312
           1.74500          0.426538
           1.75000          0.426512
           1.75500          0.426047
           1.76000          0.424740
           1.76500          0.424521
           1.77000          0.423364
           1.77500          0.422661
           1.78000          0.421710
           1.78500          0.420362
           1.79000          0.419347
           1.79500          0.418549
           1.80000          0.417874
           1.80500          0.416313
           1.81000          0.415812
           1.81500          0.414217
           1.82000          0.413091
           1.82500          0.411939
           1.83000          0.410571
           1.83500          0.407981
           1.84000          0.407799
           1.84500          0.407391
           1.85000          0.405729
           1.85500          0.404286
           1.86000          0.403128
           1.86500          0.401121
           1.87000          0.397078
           1.87500          0.399371
           1.88000          0.398843
           1.88500          0.396607
           1.89000          0.394415
           1.89500          0.392582
           1.90000          0.390213
           1.90500          0.389224
           1.91000          0.387511
           1.91500          0.386618
           1.92000          0.384374
           1.92500          0.382929
           1.93000          0.381384
           1.93500          0.380125
           1.94000          0.378612
           1.94500          0.377120
           1.95000          0.375286
           1.95500          0.374097
           1.96000          0.371498
           1.96500          0.370360
           1.97000          0.368452
           1.97500          0.366569
           1.98000          0.364759
           1.98500          0.363069
           1.99000          0.361563
           1.99500          0.360087
           2.00000          0.358231
           2.00500          0.356622
           2.01000          0.355162
           2.01500          0.353214
           2.02000          0.352114
           2.02500          0.350182
           2.03000          0.347898
           2.03500          0.346719
           2.04000          0.345007
           2.04500          0.343564
           2.05000          0.341893
           2.05500          0.340559
           2.06000          0.338991
           2.06500          0.337308
           2.07000          0.335422
           2.07500          0.334245
           2.08000          0.333375
           2.08500          0.331655
           2.09000          0.330022
           2.09500          0.328953
           2.10000          0.327163
           2.10500          0.325513
           2.11000          0.324217
           2.11500          0.323641
           2.12000          0.322155
           2.12500          0.321433
           2.13000          0.320531
           2.13500          0.318783
           2.14000          0.317633
           2.14500          0.316632
           2.15000          0.315492
           2.15500          0.314606
           2.16000          0.313070
           2.16500          0.311746
           2.17000          0.310881
           2.17500          0.309468
           2.18000          0.308451
           2.18500          0.306818
           2.19000          0.305783
           2.19500          0.304992
           2.20000          0.304930
           2.20500          0.303011
           2.21000          0.303533
           2.21500          0.302185
           2.22000          0.301461
           2.22500          0.301006
           2.23000          0.300991
           2.23500          0.300366
           2.24000          0.299893
           2.24500          0.299747
           2.25000          0.298733
           2.25500          0.298847
           2.26000          0.299736
           2.26500          0.299136
           2.27000          0.298790
           2.27500          0.299021
           2.28000          0.298542
           2.28500          0.298998
           2.29000          0.300387
           2.29500          0.301282
           2.30000          0.299632
           2.30500          0.300729
           2.31000          0.301376
           2.31500          0.301706
           2.32000          0.301684
           2.32500          0.302259
           2.33000          0.303302
           2.33500          0.304896
           2.34000          0.305182
           2.34500          0.306575
           2.35000          0.306989
           2.35500          0.309169
           2.36000          0.310773
           2.36500          0.311836
           2.37000          0.312205
           2.37500          0.312519
           2.38000          0.313979
           2.38500          0.315736
           2.39000          0.317195
           2.39500          0.319056
           2.40000          0.319528
           2.40500          0.320670
           2.41000          0.322336
           2.41500          0.324013
           2.42000          0.326917
           2.42500          0.328107
           2.43000          0.330077
           2.43500          0.331856
           2.44000          0.334006
           2.44500          0.336611
           2.45000          0.340228
           2.45500          0.341822
           2.46000          0.342915
           2.46500          0.344847
           2.47000          0.347268
           2.47500          0.349636
           2.48000          0.351751
           2.48500          0.354287
           2.49000          0.357639
           2.49500          0.360531
           2.50000          0.363141
           2.50500          0.364698
           2.51000          0.367542
           2.51500          0.370560
           2.52000          0.373354
           2.52500          0.375896
           2.53000          0.379556
           2.53500          0.383694
           2.54000          0.385843
           2.54249          0.386819
           2.54374          0.387620
           2.54499          0.387664
           2.54624          0.387915
           2.54749          0.388651
           2.54874          0.389399
           2.54999          0.389451
           2.55125          0.390364
           2.55250          0.391121
           2.55376          0.391685
           2.55502          0.391402
           2.55628          0.391905
           2.55754          0.392487
           2.55880          0.392978
           2.56007          0.394073
           2.56133          0.395804
           2.56260          0.396260
           2.56386          0.396003
           2.56513          0.396397
           2.56640          0.395990
           2.56767          0.396684
           2.56895          0.398317
           2.57022          0.399742
           2.57150          0.398871
           2.57277          0.399114
           2.57405          0.401535
           2.57533          0.400427
           2.57661          0.401082
           2.57789          0.402582
           2.57917          0.401706
           2.58046          0.402507
           2.58174          0.404244
           2.58303          0.404231
           2.58431          0.406304
           2.58560          0.405377
           2.58689          0.405239
           2.58819          0.407262
           2.58948          0.406846
           2.59077          0.406844
           2.59207          0.407069
           2.59336          0.409095
           2.59466          0.412639
           2.59596          0.413180
           2.59726          0.408296
           2.59856          0.408638
           2.59987          0.409957
           2.60117          0.411668
           2.60248          0.412881
           2.60378          0.413507
           2.60509          0.414832
           2.60640          0.415592
           2.60771          0.414078
           2.60903          0.414459
           2.61034          0.415476
           2.61166          0.415554
           2.61297          0.416052
           2.61429          0.417240
           2.61561          0.417318
           2.61693          0.420048
           2.61825          0.419946
           2.61957          0.418265
           2.62090          0.420768
           2.62222          0.419608
           2.62355          0.418907
           2.62488          0.420571
           2.62621          0.421942
           2.62754          0.423695
           2.62887          0.421703
           2.63021          0.423894
           2.63154          0.425410
           2.63288          0.422773
           2.63421          0.424308
           2.63555          0.424788
           2.63689          0.424408
           2.63824          0.425375
           2.63958          0.425718
           2.64092          0.426287
           2.64227          0.426869
           2.64362          0.427389
           2.64497          0.427824
           2.64632          0.429455
           2.64767          0.428865
           2.64902          0.428847
           2.65038          0.429464
           2.65173          0.430537
           2.65309          0.431890
           2.65445          0.431124
           2.65581          0.431330
           2.65717          0.432009
           2.65853          0.431965
           2.65989          0.434072
           2.66126          0.434158
           2.66263          0.434112
           2.66400          0.434596
           2.66536          0.437532
           2.66674          0.437741
           2.66811          0.436475
           2.66948          0.435377
           2.67086          0.439865
           2.67223          0.436818
           2.67361          0.434793
           2.67499          0.437291
           2.67637          0.439564
           2.67776          0.440588
           2.67914          0.438860
           2.68052          0.438595
           2.68191          0.437347
           2.68330          0.438690
           2.68469          0.439385
           2.68608          0.439212
           2.68747          0.439705
           2.68887          0.439416
           2.69026          0.439604
           2.69166          0.439591
           2.69306          0.440909
           2.69446          0.442565
           2.69586          0.441443
           2.69726          0.439845
           2.69866          0.439356
           2.70007          0.440144
           2.70148          0.441927
           2.70289          0.442042
           2.70430          0.441279
           2.70571          0.441919
           2.70712          0.442346
           2.70853          0.443463
           2.70995          0.445214
           2.71137          0.446187
           2.71279          0.443966
           2.71421          0.442514
           2.71563          0.444085
           2.71705          0.444734
           2.71848          0.445893
           2.71990          0.446833
           2.72133          0.449312
           2.72276          0.445422
           2.72419          0.445793
           2.72562          0.447639
           2.72706          0.444902
           2.72849          0.444415
           2.72993          0.444942
           2.73137          0.444959
           2.73281          0.444813
           2.73425          0.445119
           2.73569          0.446110
           2.73714          0.444038
           2.73858          0.444618
           2.74003          0.447252
           2.74148          0.445875
           2.74293          0.442941
           2.74438          0.441175
           2.74583          0.441536
           2.74729          0.441443
           2.74875          0.441042
           2.75020          0.440941
           2.75166          0.440907
           2.75313          0.440878
           2.75459          0.441153
           2.75605          0.443406
           2.75752          0.439697
           2.75899          0.437256
           2.76046          0.437980
           2.76193          0.439154
           2.76340          0.440254
           2.76487          0.438811
           2.76635          0.437747
           2.76782          0.438681
           2.76930          0.438378
           2.77078          0.438232
           2.77226          0.438340
           2.77375          0.436908
           2.77523          0.436590
           2.77672          0.437125
           2.77821          0.437309
           2.77970          0.436940
           2.78119          0.437196
           2.78268          0.437539
           2.78418          0.437127
           2.78567          0.437243
           2.78717          0.438706
           2.78867          0.438644
           2.79017          0.436849
           2.79167          0.436639
           2.79318          0.437030
           2.79468          0.437201
           2.79619          0.437145
           2.79770          0.437187
           2.79921          0.437075
           2.80072          0.436982
           2.80224          0.437626
           2.80375          0.438644
           2.80527          0.437324
           2.80679          0.435902
           2.80831          0.435858
           2.80983          0.436010
           2.81135          0.435667
           2.81288          0.435457
           2.81441          0.435351
           2.81593          0.435224
           2.81746          0.434572
           2.81900          0.434474
           2.82053          0.434216
           2.82207          0.433284
           2.82360          0.432421
           2.82514          0.432127
           2.82668          0.431843
           2.82822          0.431434
           2.82977          0.430858
           2.83131          0.430318
           2.83286          0.429998
           2.83441          0.429989
           2.83596          0.429652
           2.83751          0.429110
           2.83907          0.428853
           2.84062          0.428500
           2.84218          0.428156
           2.84374          0.428145
           2.84530          0.428216
           2.84686          0.428263
           2.84843          0.428313
           2.84999          0.428630
           2.85156          0.428486
           2.85313          0.428634
           2.85470          0.429117
           2.85627          0.429157
           2.85785          0.429044
           2.85942          0.429312
           2.86100          0.429728
           2.86258          0.429976
           2.86416          0.429902
           2.86575          0.429969
           2.86733          0.430349
           2.86892          0.430666
           2.87051          0.430672
           2.87210          0.431013
           2.87369          0.431089
           2.87528          0.431046
           2.87688          0.431264
           2.87848          0.431485
           2.88007          0.431394
           2.88168          0.431584
           2.88328          0.431724
           2.88488          0.431764
           2.88649          0.431901
           2.88810          0.432222
           2.88971          0.432284
           2.89132          0.432252
           2.89293          0.432343
           2.89455          0.432589
           2.89616          0.432790
           2.89778          0.432912
           2.89940          0.433160
           2.90103          0.433585
           2.90265          0.433682
           2.90428          0.433759
           2.90591          0.434151
           2.90754          0.434269
           2.90917          0.434430
           2.91080          0.434525
           2.91244          0.434534
           2.91407          0.434871
           2.91571          0.435196
           2.91735          0.435408
           2.91899          0.435649
           2.92064          0.435953
           2.92229          0.436223
           2.92393          0.436594
           2.92558          0.436756
           2.92724          0.436997
           2.92889          0.437181
           2.93055          0.437491
           2.93220          0.437606
           2.93386          0.437721
           2.93552          0.437964
           2.93719          0.438287
           2.93885          0.438455
           2.94052          0.438519
           2.94219          0.438663
           2.94386          0.439186
           2.94553          0.439405
           2.94721          0.439624
           2.94888          0.439797
           2.95056          0.439845
           2.95224          0.440088
           2.95392          0.440416
           2.95561          0.440699
           2.95729          0.440914
           2.95898          0.441053
           2.96067          0.441155
           2.96236          0.441414
           2.96406          0.441647
           2.96575          0.441775
           2.96745          0.441839
           2.96915          0.441812
           2.97085          0.441963
           2.97255          0.442286
           2.97426          0.442620
           2.97597          0.442804
           2.97768          0.443065
           2.97939          0.443381
           2.98110          0.443529
           2.98282          0.443565
           2.98453          0.443623
           2.98625          0.443631
           2.98797          0.443833
           2.98970          0.443979
           2.99142          0.444269
           2.99315          0.444395
           2.99488          0.444503
           2.99661          0.444632
           2.99834          0.444990
           3.00008          0.445118
           3.00182          0.445276
           3.00355          0.445353
           3.00530          0.445596
           3.00704          0.445816
           3.00878          0.445924
           3.01053          0.446063
           3.01228          0.446314
           3.01403          0.446439
           3.01579          0.446707
           3.01754          0.446889
           3.01930          0.447017
           3.02106          0.447028
           3.02282          0.447181
           3.02458          0.447104
           3.02635          0.447032
           3.02812          0.447292
           3.02989          0.447668
           3.03166          0.447765
           3.03343          0.447840
           3.03521          0.447947
           3.03699          0.448164
           3.03877          0.448166
           3.04055          0.448301
           3.04233          0.448493
           3.04412          0.448697
           3.04591          0.448894
           3.04770          0.449049
           3.04949          0.448996
           3.05129          0.449162
           3.05308          0.449261
           3.05488          0.449445
           3.05668          0.449551
           3.05849          0.449498
           3.06029          0.449604
           3.06210          0.449994
           3.06391          0.450202
           3.06572          0.450314
           3.06754          0.450445
           3.06935          0.450717
           3.07117          0.450854
           3.07299          0.450980
           3.07481          0.451115
           3.07664          0.451228
           3.07847          0.451326
           3.08029          0.451512
           3.08213          0.451762
           3.08396          0.451925
           3.08579          0.452131
           3.08763          0.452355
           3.08947          0.452485
           3.09131          0.452560
           3.09316          0.452571
           3.09501          0.452780
           3.09685          0.453018
           3.09871          0.453269
           3.10056          0.453446
           3.10241          0.453707
           3.10427          0.453881
           3.10613          0.454050
           3.10799          0.454132
           3.10986          0.454304
           3.11173          0.454508
           3.11359          0.454709
           3.11547          0.454866
           3.11734          0.455141
           3.11921          0.455243
           3.12109          0.455420
           3.12297          0.455636
           3.12486          0.455939
           3.12674          0.456066
           3.12863          0.456260
           3.13052          0.456349
           3.13241          0.456603
           3.13430          0.456710
           3.13620          0.456944
           3.13810          0.457179
           3.14000          0.457389
           3.14190          0.457513
           3.14381          0.457608
           3.14571          0.457739
           3.14762          0.458026
           3.14954          0.458201
           3.15145          0.458422
           3.15337          0.458580
           3.15529          0.458770
           3.15721          0.458943
           3.15913          0.459100
           3.16106          0.459261
           3.16299          0.459522
           3.16492          0.459675
           3.16685          0.459861
           3.16879          0.459936
           3.17072          0.460064
           3.17267          0.460076
           3.17461          0.460270
           3.17655          0.460595
           3.17850          0.460872
           3.18045          0.461038
           3.18240          0.461317
           3.18436          0.461304
           3.18632          0.461335
           3.18827          0.461587
           3.19024          0.461908
           3.19220          0.462076
           3.19417          0.462189
           3.19614          0.462337
           3.19811          0.462642
           3.20008          0.462815
           3.20206          0.463061
           3.20404          0.463172
           3.20602          0.463165
           3.20800          0.463205
           3.20999          0.463318
           3.21198          0.463568
           3.21397          0.463875
           3.21596          0.464065
           3.21796          0.464139
           3.21996          0.464285
           3.22196          0.464607
           3.22396          0.464767
           3.22597          0.464827
           3.22798          0.464966
           3.22999          0.465267
           3.23200          0.465400
           3.23402          0.465482
           3.23604          0.465475
           3.23806          0.465595
           3.24008          0.465714
           3.24211          0.465809
           3.24414          0.465880
           3.24617          0.466114
           3.24820          0.466097
           3.25024          0.466174
           3.25228          0.466391
           3.25432          0.466705
           3.25637          0.466834
           3.25841          0.467000
           3.26046          0.467062
           3.26251          0.467221
           3.26457          0.467365
           3.26663          0.467526
           3.26869          0.467602
           3.27075          0.467699
           3.27281          0.467745
           3.27488          0.467903
           3.27695          0.467943
           3.27902          0.468049
           3.28110          0.468172
           3.28318          0.468272
           3.28526          0.468257
           3.28734          0.468349
           3.28943          0.468485
           3.29151          0.468701
           3.29361          0.468816
           3.29570          0.468837
           3.29780          0.468823
           3.29990          0.469018
           3.30200          0.468956
           3.30410          0.469093
           3.30621          0.469232
           3.30832          0.469292
           3.31043          0.469237
           3.31255          0.469259
           3.31466          0.469328
           3.31679          0.469374
           3.31891          0.469277
           3.32103          0.469325
           3.32316          0.469451
           3.32529          0.469629
           3.32743          0.469669
           3.32957          0.469753
           3.33171          0.469755
           3.33385          0.469750
           3.33599          0.469684
           3.33814          0.469638
           3.34029          0.469536
           3.34245          0.469456
           3.34460          0.469365
           3.34676          0.469465
           3.34892          0.469421
           3.35109          0.469361
           3.35326          0.469248
           3.35543          0.469049
           3.35760          0.468949
           3.35978          0.468899
           3.36196          0.468688
           3.36414          0.468527
           3.36632          0.468387
           3.36851          0.468224
           3.37070          0.467995
           3.37289          0.467856
           3.37509          0.467787
           3.37729          0.467818
           3.37949          0.467799
           3.38169          0.467993
           3.38390          0.468186
           3.38611          0.468396
           3.38832          0.468434
           3.39054          0.468558
           3.39276          0.468465
           3.39498          0.468261
           3.39721          0.468031
           3.39943          0.467951
           3.40166          0.467876
           3.40390          0.467756
           3.40613          0.467611
           3.40837          0.467631
           3.41061          0.467686
           3.41286          0.467595
           3.41511          0.467465
           3.41736          0.467628
           3.41961          0.467863
           3.42187          0.468215
           3.42413          0.468584
           3.42639          0.468976
           3.42866          0.469169
           3.43093          0.469421
           3.43320          0.469531
           3.43548          0.469786
           3.43776          0.470078
           3.44004          0.470343
           3.44232          0.470562
           3.44461          0.470651
           3.44690          0.470720
           3.44919          0.470937
           3.45149          0.471054
           3.45379          0.471063
           3.45609          0.471061
           3.45840          0.471131
           3.46070          0.471206
           3.46302          0.471326
           3.46533          0.471277
           3.46765          0.471147
           3.46997          0.471016
           3.47229          0.470976
           3.47462          0.470892
           3.47695          0.470908
           3.47929          0.470866
           3.48162          0.470782
           3.48396          0.470833
           3.48630          0.471001
           3.48865          0.471058
           3.49100          0.471135
           3.49335          0.471229
           3.49571          0.471417
           3.49807          0.471445
           3.50043          0.471638
           3.50279          0.471897
           3.50516          0.472277
           3.50753          0.472656
           3.50991          0.473203
           3.51229          0.473709
           3.51467          0.474139
           3.51705          0.474555
           3.51944          0.474949
           3.52183          0.475108
           3.52423          0.475280
           3.52662          0.475557
           3.52902          0.475951
           3.53143          0.476245
           3.53383          0.476617
           3.53624          0.476829
           3.53866          0.477029
           3.54108          0.477128
           3.54350          0.477336
           3.54592          0.477641
           3.54835          0.477971
           3.55078          0.478248
           3.55321          0.478628
           3.55565          0.478890
           3.55809          0.479189
           3.56053          0.479394
           3.56298          0.479657
           3.56543          0.479925
           3.56788          0.480189
           3.57034          0.480377
           3.57280          0.480598
           3.57527          0.480737
           3.57773          0.481016
           3.58020          0.481226
           3.58268          0.481421
           3.58516          0.481463
           3.58764          0.481596
           3.59012          0.481787
           3.59261          0.482023
           3.59510          0.482039
           3.59760          0.482058
           3.60009          0.482154
           3.60260          0.482397
           3.60510          0.482543
           3.60761          0.482734
           3.61012          0.482919
           3.61264          0.483116
           3.61516          0.483169
           3.61768          0.483242
           3.62021          0.483340
           3.62274          0.483570
           3.62527          0.483694
           3.62781          0.483869
           3.63035          0.483948
           3.63289          0.484079
           3.63544          0.484130
           3.63799          0.484230
           3.64054          0.484282
           3.64310          0.484490
           3.64566          0.484657
           3.64823          0.484712
           3.65080          0.484681
           3.65337          0.484865
           3.65595          0.484979
           3.65853          0.485183
           3.66111          0.485325
           3.66370          0.485489
           3.66629          0.485635
           3.66889          0.485759
           3.67148          0.485843
           3.67409          0.486066
           3.67669          0.486139
           3.67930          0.486310
           3.68191          0.486416
           3.68453          0.486619
           3.68715          0.486690
           3.68978          0.486825
           3.69240          0.486980
           3.69504          0.487186
           3.69767          0.487181
           3.70031          0.487297
           3.70295          0.487425
           3.70560          0.487637
           3.70825          0.487739
           3.71091          0.487901
           3.71356          0.487941
           3.71623          0.488027
           3.71889          0.488098
           3.72156          0.488199
           3.72423          0.488257
           3.72691          0.488377
           3.72959          0.488361
           3.73228          0.488416
           3.73497          0.488452
           3.73766          0.488648
           3.74036          0.488784
           3.74306          0.488897
           3.74576          0.488992
           3.74847          0.489173
           3.75118          0.489244
           3.75390          0.489352
           3.75662          0.489406
           3.75934          0.489543
           3.76207          0.489565
           3.76480          0.489644
           3.76754          0.489695
           3.77028          0.489770
           3.77302          0.489755
           3.77577          0.489914
           3.77852          0.489976
           3.78128          0.490076
           3.78404          0.490060
           3.78680          0.490213
           3.78957          0.490240
           3.79234          0.490339
           3.79512          0.490344
           3.79790          0.490408
           3.80069          0.490501
           3.80347          0.490651
           3.80627          0.490649
           3.80906          0.490653
           3.81186          0.490638
           3.81467          0.490802
           3.81748          0.490824
           3.82029          0.490924
           3.82311          0.491005
           3.82593          0.491101
           3.82876          0.491114
           3.83159          0.491138
           3.83442          0.491094
           3.83726          0.491178
           3.84010          0.491189
           3.84295          0.491313
           3.84580          0.491320
           3.84865          0.491441
           3.85151          0.491497
           3.85438          0.491565
           3.85724          0.491590
           3.86012          0.491694
           3.86299          0.491694
           3.86587          0.491720
           3.86876          0.491640
           3.87165          0.491769
           3.87454          0.491840
           3.87744          0.491961
           3.88034          0.491933
           3.88325          0.492017
           3.88616          0.492052
           3.88907          0.492081
           3.89199          0.492014
           3.89492          0.492092
           3.89785          0.492156
           3.90078          0.492278
           3.90372          0.492278
           3.90666          0.492349
           3.90960          0.492313
           3.91255          0.492353
           3.91551          0.492338
           3.91847          0.492351
           3.92143          0.492380
           3.92440          0.492479
           3.92738          0.492501
           3.93035          0.492545
           3.93333          0.492431
           3.93632          0.492375
           3.93931          0.492402
           3.94231          0.492461
           3.94531          0.492417
           3.94831          0.492435
           3.95132          0.492357
           3.95434          0.492366
           3.95735          0.492344
           3.96038          0.492408
           3.96341          0.492340
           3.96644          0.492382
           3.96948          0.492313
           3.97252          0.492280
           3.97556          0.492231
           3.97861          0.492267
           3.98167          0.492149
           3.98473          0.492107
           3.98780          0.492030
           3.99087          0.492072
           3.99394          0.492005
           3.99702          0.492005
           4.00010          0.491981
           4.00319          0.491997
           4.00629          0.491942
           4.00939          0.491919
           4.01249          0.491849
           4.01560          0.491859
           4.01871          0.491775
           4.02183          0.491762
           4.02495          0.491632
           4.02808          0.491616
           4.03121          0.491578
           4.03435          0.491592
           4.03749          0.491497
           4.04064          0.491477
           4.04379          0.491375
           4.04694          0.491331
           4.05011          0.491282
           4.05327          0.491262
           4.05644          0.491107
           4.05962          0.491017
           4.06280          0.490899
           4.06599          0.490937
           4.06918          0.490833
           4.07238          0.490760
           4.07558          0.490600
           4.07878          0.490567
           4.08200          0.490497
           4.08521          0.490437
           4.08843          0.490242
           4.09166          0.490127
           4.09489          0.489976
           4.09813          0.489852
           4.10137          0.489651
           4.10462          0.489536
           4.10787          0.489370
           4.11113          0.489288
           4.11439          0.489087
           4.11766          0.488896
           4.12093          0.488662
           4.12421          0.488531
           4.12750          0.488303
           4.13079          0.488146
           4.13408          0.487894
           4.13738          0.487624
           4.14068          0.487219
           4.14399          0.486980
           4.14731          0.486661
           4.15063          0.486312
           4.15395          0.485860
           4.15729          0.485464
           4.16062          0.484927
           4.16396          0.484424
           4.16731          0.483827
           4.17066          0.483271
           4.17402          0.482530
           4.17739          0.481749
           4.18075          0.480815
           4.18413          0.479881
           4.18751          0.478690
           4.19089          0.477398
           4.19428          0.475774
           4.19768          0.473908
           4.20108          0.471612
           4.20449          0.468963
           4.20790          0.465665
           4.21132          0.461861
           4.21474          0.457383
           4.21817          0.452443
           4.22161          0.446940
           4.22505          0.441248
           4.22850          0.435433
           4.23195          0.429953
           4.23540          0.424912
           4.23887          0.420845
           4.24234          0.417422
           4.24581          0.414625
           4.24929          0.411847
           4.25278          0.409238
           4.25627          0.406631
           4.25977          0.405206
           4.26327          0.404447
           4.26678          0.402682
           4.27029          0.400342
           4.27381          0.398727
           4.27734          0.397576
           4.28087          0.397154
           4.28441          0.397351
           4.28795          0.398224
           4.29150          0.399497
           4.29506          0.401354
           4.29862          0.403686
           4.30219          0.406570
           4.30576          0.409750
           4.30934          0.413288
           4.31292          0.416944
           4.31652          0.420798
           4.32011          0.424724
           4.32372          0.428838
           4.32732          0.432726
           4.33094          0.436515
           4.33456          0.440057
           4.33819          0.443406
           4.34182          0.446504
           4.34546          0.449493
           4.34911          0.452074
           4.35276          0.454481
           4.35642          0.456519
           4.36008          0.458329
           4.36375          0.459859
           4.36743          0.461284
           4.37111          0.462408
           4.37480          0.463419
           4.37849          0.464094
           4.38219          0.464669
           4.38590          0.465099
           4.38961          0.465559
           4.39333          0.465911
           4.39706          0.466287
           4.40079          0.466561
           4.40453          0.466944
           4.40828          0.467188
           4.41203          0.467551
           4.41579          0.467766
           4.41955          0.467949
           4.42332          0.468011
           4.42710          0.468024
           4.43088          0.467958
           4.43468          0.468035
           4.43847          0.467976
           4.44228          0.467909
           4.44608          0.467630
           4.44990          0.467374
           4.45372          0.466969
           4.45755          0.466606
           4.46139          0.466236
           4.46523          0.465918
           4.46908          0.465433
           4.47294          0.464992
           4.47680          0.464408
           4.48067          0.463811
           4.48455          0.463090
           4.48843          0.462439
           4.49232          0.461638
           4.49621          0.460907
           4.50012          0.459974
           4.50403          0.459115
           4.50794          0.458090
           4.51187          0.457028
           4.51580          0.455782
           4.51973          0.454521
           4.52368          0.453087
           4.52763          0.451660
           4.53159          0.449989
           4.53555          0.448206
           4.53952          0.446148
           4.54350          0.444067
           4.54749          0.441781
           4.55148          0.439524
           4.55548          0.437081
           4.55949          0.434695
           4.56350          0.432078
           4.56752          0.429456
           4.57155          0.426784
           4.57558          0.424162
           4.57963          0.421473
           4.58367          0.418853
           4.58773          0.416048
           4.59179          0.413283
           4.59586          0.410447
           4.59994          0.407692
           4.60403          0.404733
           4.60812          0.401874
           4.61222          0.398977
           4.61633          0.396124
           4.62044          0.393203
           4.62456          0.390431
           4.62869          0.387549
           4.63283          0.384666
           4.63697          0.381679
           4.64112          0.378788
           4.64528          0.375815
           4.64945          0.372916
           4.65362          0.369891
           4.65780          0.366887
           4.66199          0.363889
           4.66619          0.360846
           4.67039          0.357724
           4.67460          0.354737
           4.67882          0.351702
           4.68305          0.348748
           4.68728          0.345763
           4.69152          0.342886
           4.69577          0.339965
           4.70003          0.337060
           4.70430          0.334103
           4.70857          0.331266
           4.71285          0.328343
           4.71714          0.325464
           4.72143          0.322609
           4.72574          0.319777
           4.73005          0.316834
           4.73437          0.314041
           4.73870          0.311157
           4.74303          0.308427
           4.74738          0.305654
           4.75173          0.303047
           4.75609          0.300447
           4.76045          0.297995
           4.76483          0.295592
           4.76921          0.293335
           4.77360          0.291005
           4.77800          0.288862
           4.78241          0.286722
           4.78683          0.284678
           4.79125          0.282536
           4.79568          0.280507
           4.80013          0.278417
           4.80457          0.276284
           4.80903          0.274135
           4.81350          0.272142
           4.81797          0.269978
           4.82245          0.267824
           4.82694          0.265598
           4.83144          0.263463
           4.83595          0.261298
           4.84046          0.259183
           4.84499          0.256943
           4.84952          0.254702
           4.85406          0.252471
           4.85861          0.250347
           4.86317          0.248127
           4.86773          0.246023
           4.87231          0.243982
           4.87689          0.242026
           4.88148          0.240041
           4.88608          0.238187
           4.89069          0.236456
           4.89531          0.234859
           4.89994          0.233239
           4.90457          0.231687
           4.90922          0.230196
           4.91387          0.228800
           4.91853          0.227379
           4.92321          0.226096
           4.92788          0.224850
           4.93257          0.223688
           4.93727          0.222480
           4.94198          0.221398
           4.94669          0.220302
           4.95142          0.219229
           4.95615          0.218129
           4.96090          0.217109
           4.96565          0.215938
           4.97041          0.214860
           4.97518          0.213734
           4.97996          0.212621
           4.98475          0.211408
           4.98954          0.210136
           4.99435          0.208766
           4.99917          0.207427
           5.00399          0.205920
           5.00883          0.204420
           5.01367          0.202847
           5.01852          0.201313
           5.02339          0.199715
           5.02826          0.197960
           5.03314          0.196197
           5.03803          0.194553
           5.04293          0.192968
           5.04784          0.191537
           5.05276          0.190167
           5.05769          0.188976
           5.06263          0.187910
           5.06758          0.187024
           5.07254          0.186261
           5.07751          0.185708
           5.08249          0.185312
           5.08747          0.185141
           5.09247          0.184896
           5.09748          0.184776
           5.10250          0.184734
           5.10752          0.184820
           5.11256          0.184800
           5.11761          0.184966
           5.12266          0.185125
           5.12773          0.185338
           5.13281          0.185513
           5.13789          0.185738
           5.14299          0.185997
           5.14810          0.186385
           5.15322          0.186648
           5.15834          0.186841
           5.16348          0.187214
           5.16863          0.187653
           5.17379          0.188060
           5.17896          0.188513
           5.18413          0.188934
           5.18932          0.189390
           5.19452          0.189821
           5.19973          0.190374
           5.20496          0.190793
           5.21019          0.191107
           5.21543          0.191632
           5.22068          0.191877
           5.22594          0.191955
           5.23122          0.192267
           5.23650          0.192603
           5.24179          0.192990
           5.24710          0.193181
           5.25242          0.193515
           5.25774          0.193723
           5.26308          0.194101
           5.26843          0.194513
           5.27379          0.195008
           5.27916          0.195526
           5.28454          0.196115
           5.28993          0.196799
           5.29534          0.197786
           5.30075          0.198454
           5.30618          0.199423
           5.31161          0.200468
           5.31706          0.201592
           5.32252          0.202758
           5.32799          0.204146
           5.33347          0.205473
           5.33896          0.206903
           5.34447          0.208310
           5.34998          0.210138
           5.35551          0.211784
           5.36105          0.213061
           5.36660          0.214445
           5.37216          0.216109
           5.37773          0.217799
           5.38332          0.219461
           5.38891          0.221077
           5.39452          0.222849
           5.40014          0.224578
           5.40577          0.226272
           5.41141          0.228065
           5.41707          0.229997
           5.42274          0.232139
           5.42841          0.234038
           5.43410          0.235170
           5.43981          0.237096
           5.44552          0.238897
           5.45125          0.240718
           5.45698          0.242431
           5.46273          0.244589
           5.46850          0.246583
           5.47427          0.247881
           5.48006          0.249508
           5.48586          0.251221
           5.49167          0.252265
           5.49749          0.253830
           5.50333          0.255116
           5.50918          0.256472
           5.51504          0.257426
           5.52091          0.258747
           5.52680          0.259630
           5.53269          0.260418
           5.53861          0.260913
           5.54453          0.261544
           5.55047          0.262060
           5.55641          0.262735
           5.56238          0.262657
           5.56835          0.262741
           5.57434          0.262805
           5.58034          0.263456
           5.58635          0.263051
           5.59238          0.262361
           5.59842          0.262082
           5.60447          0.262232
           5.61054          0.261706
           5.61661          0.261566
           5.62271          0.261168
           5.62881          0.260706
           5.63493          0.260451
           5.64106          0.260736
           5.64721          0.260437
           5.65336          0.259128
           5.65954          0.258442
           5.66572          0.257483
           5.67192          0.256902
           5.67813          0.256966
           5.68436          0.255620
           5.69060          0.254620
           5.69685          0.253699
           5.70312          0.252130
           5.70940          0.251367
           5.71569          0.250488
           5.72200          0.248340
           5.72833          0.246563
           5.73466          0.244551
           5.74101          0.242737
           5.74738          0.240636
           5.75376          0.238413
           5.76015          0.235201
           5.76656          0.234285
           5.77298          0.231198
           5.77941          0.226989
           5.78586          0.224580
           5.79233          0.221878
           5.79881          0.219291
           5.80530          0.216956
           5.81181          0.214356
           5.81833          0.212926
           5.82487          0.211692
           5.83142          0.208956
           5.83799          0.206524
           5.84457          0.204719
           5.85117          0.203141
           5.85778          0.201802
           5.86441          0.200450
           5.87105          0.198591
           5.87770          0.196737
           5.88438          0.196225
           5.89106          0.192105
           5.89776          0.190151
           5.90448          0.187170
           5.91121          0.183523
           5.91796          0.181295
           5.92473          0.178494
           5.93150          0.175665
           5.93830          0.173983
           5.94511          0.170179
           5.95193          0.166221
           5.95878          0.163576
           5.96563          0.161113
           5.97251          0.159117
           5.97939          0.156019
           5.98630          0.153943
           5.99322          0.152374
           6.00016          0.149726
           6.00711          0.147816
           6.01408          0.146718
           6.02106          0.145475
           6.02806          0.143921
           6.03508          0.142970
           6.04212          0.142308
           6.04917          0.142802
           6.05623          0.141655
           6.06332          0.139190
           6.07042          0.139223
           6.07753          0.139068
           6.08467          0.137603
           6.09182          0.136842
           6.09898          0.136541
           6.10617          0.136351
           6.11337          0.136639
           6.12058          0.136552
           6.12782          0.135423
           6.13507          0.135266
           6.14234          0.135424
           6.14963          0.135417
           6.15693          0.135204
           6.16425          0.135187
           6.17159          0.134434
           6.17895          0.133983
           6.18632          0.134083
           6.19371          0.133328
           6.20112          0.132045
           6.20854          0.131673
           6.21599          0.131148
           6.22345          0.130522
           6.23093          0.129624
           6.23843          0.128876
           6.24595          0.128079
           6.25348          0.127357
           6.26103          0.126565
           6.26860          0.125908
           6.27619          0.125127
           6.28380          0.124405
           6.29143          0.123678
           6.29907          0.123069
           6.30673          0.122400
           6.31442          0.121887
           6.32212          0.121168
           6.32984          0.120455
           6.33757          0.119801
           6.34533          0.119612
           6.35311          0.118603
           6.36090          0.117353
           6.36872          0.116995
           6.37655          0.116508
           6.38440          0.115204
           6.39227          0.114490
           6.40017          0.113815
           6.40808          0.113458
           6.41601          0.113848
           6.42396          0.112770
           6.43193          0.111345
           6.43992          0.110995
           6.44793          0.110411
           6.45596          0.110311
           6.46401          0.109968
           6.47208          0.109999
           6.48017          0.110274
           6.48828          0.110688
           6.49641          0.111305
           6.50456          0.111075
           6.51273          0.110847
           6.52092          0.111788
           6.52914          0.112671
           6.53737          0.113091
           6.54563          0.114005
           6.55390          0.115164
           6.56220          0.116213
           6.57051          0.117194
           6.57885          0.118411
           6.58721          0.118933
           6.59559          0.119911
           6.60399          0.120550
           6.61242          0.121115
           6.62086          0.121980
           6.62933          0.122954
           6.63782          0.124379
           6.64633          0.125200
           6.65486          0.125165
           6.66341          0.126127
           6.67199          0.127470
           6.68059          0.128997
           6.68921          0.130336
           6.69785          0.131465
           6.70651          0.132972
           6.71520          0.134904
           6.72391          0.136402
           6.73264          0.137696
           6.74140          0.138958
           6.75018          0.140328
           6.75898          0.141606
           6.76780          0.142751
           6.77665          0.144069
           6.78552          0.145297
           6.79441          0.146349
           6.80333          0.146621
           6.81227          0.146769
           6.82123          0.147506
           6.83022          0.148274
           6.83923          0.148422
           6.84826          0.148382
           6.85732          0.149020
           6.86640          0.149701
           6.87551          0.148874
           6.88464          0.148019
           6.89380          0.147869
           6.90298          0.147398
           6.91218          0.146982
           6.92141          0.146165
           6.93066          0.145428
           6.93994          0.144702
           6.94924          0.143895
           6.95857          0.143408
           6.96792          0.142737
           6.97730          0.141029
           6.98670          0.140060
           6.99613          0.139163
           7.00559          0.138013
           7.01507          0.136785
           7.02457          0.135930
           7.03410          0.134928
           7.04366          0.134180
           7.05325          0.133479
           7.06285          0.131914
           7.07249          0.130644
           7.08215          0.129582
           7.09184          0.128641
           7.10155          0.127623
           7.11130          0.126579
           7.12106          0.125634
           7.13086          0.124518
           7.14068          0.123427
           7.15053          0.122704
           7.16041          0.121708
           7.17031          0.120792
           7.18024          0.119736
           7.19020          0.118532
           7.20019          0.117738
           7.21020          0.117130
           7.22024          0.116264
           7.23031          0.115291
           7.24041          0.114569
           7.25054          0.113846
           7.26069          0.113215
           7.27088          0.112600
           7.28109          0.112093
           7.29133          0.111356
           7.30160          0.110593
           7.31190          0.110053
           7.32222          0.109444
           7.33258          0.108846
           7.34297          0.108247
           7.35338          0.107474
           7.36383          0.106603
           7.37430          0.105791
           7.38481          0.104950
           7.39534          0.104067
           7.40591          0.103221
           7.41650          0.102374
           7.42713          0.101413
           7.43778          0.100566
           7.44847          0.099661
           7.45919          0.098760
           7.46994          0.097921
           7.48071          0.096965
           7.49152          0.095834
           7.50237          0.094828
           7.51324          0.093863
           7.52414          0.092951
           7.53508          0.091988
           7.54605          0.091052
           7.55705          0.090094
           7.56808          0.089056
           7.57915          0.087997
           7.59024          0.087023
           7.60137          0.085991
           7.61253          0.085018
           7.62373          0.083973
           7.63496          0.082913
           7.64622          0.081825
           7.65751          0.080857
           7.66884          0.079846
           7.68020          0.078795
           7.69159          0.077711
           7.70302          0.076744
           7.71449          0.075715
           7.72598          0.074741
           7.73752          0.073741
           7.74908          0.072677
           7.76068          0.071596
           7.77232          0.070537
           7.78399          0.069466
           7.79569          0.068487
           7.80743          0.067377
           7.81921          0.066310
           7.83102          0.065252
           7.84287          0.064247
           7.85475          0.063136
           7.86667          0.062039
           7.87862          0.060930
           7.89062          0.059888
           7.90264          0.058753
           7.91471          0.057596
           7.92681          0.056341
           7.93895          0.055226
           7.95113          0.053958
           7.96334          0.052685
           7.97559          0.051422
           7.98788          0.050242
           8.00021          0.049027
           8.01257          0.047892
           8.02498          0.046641
           8.03742          0.045528
           8.04990          0.044344
           8.06242          0.043227
           8.07498          0.042110
           8.08757          0.041047
           8.10021          0.039797
           8.11289          0.038684
           8.12560          0.037595
           8.13836          0.036497
           8.15116          0.035283
           8.16399          0.034194
           8.17687          0.033030
           8.18979          0.031906
           8.20275          0.030749
           8.21575          0.029640
           8.22879          0.028476
           8.24187          0.027418
           8.25499          0.026274
           8.26816          0.025075
           8.28137          0.023784
           8.29462          0.022711
           8.30791          0.021629
           8.32124          0.020598
           8.33462          0.019584
           8.34804          0.018619
           8.36151          0.017591
           8.37502          0.016812
           8.38857          0.015929
           8.40216          0.015107
           8.41580          0.014306
           8.42949          0.013727
           8.44322          0.013145
           8.45699          0.012636
           8.47081          0.012093
           8.48467          0.011833
           8.49858          0.011647
           8.51254          0.011675
           8.52654          0.011832
           8.54058          0.012302
           8.55468          0.013070
           8.56882          0.014499
           8.58300          0.016427
           8.59724          0.019204
           8.61152          0.022767
           8.62585          0.027394
           8.64023          0.033041
           8.65465          0.039711
           8.66912          0.047146
           8.68364          0.055383
           8.69821          0.064029
           8.71283          0.072809
           8.72750          0.081404
           8.74222          0.089816
           8.75699          0.098068
           8.77180          0.106003
           8.78667          0.113492
           8.80159          0.120579
           8.81656          0.127150
           8.83158          0.133193
           8.84665          0.138820
           8.86177          0.143777
           8.87694          0.148121
           8.89217          0.152111
           8.90745          0.155831
           8.92278          0.159175
           8.93816          0.162162
           8.95360          0.164868
           8.96909          0.167351
           8.98464          0.169524
           9.00023          0.171496
           9.01589          0.173081
           9.03159          0.174398
           9.04736          0.175274
           9.06317          0.175836
           9.07905          0.176024
           9.09497          0.175997
           9.11096          0.175657
           9.12700          0.175134
           9.14310          0.174424
           9.15925          0.173638
           9.17546          0.172749
           9.19173          0.171824
           9.20806          0.170613
           9.22444          0.169365
           9.24088          0.168018
           9.25738          0.166608
           9.27394          0.164959
           9.29056          0.163112
           9.30724          0.161014
           9.32398          0.158608
           9.34078          0.155656
           9.35764          0.152323
           9.37457          0.148431
           9.39155          0.144284
           9.40859          0.139925
           9.42570          0.135468
           9.44287          0.131215
           9.46010          0.127420
           9.47740          0.124043
           9.49475          0.121064
           9.51217          0.118579
           9.52966          0.116534
           9.54721          0.114896
           9.56483          0.113589
           9.58250          0.112633
           9.60025          0.111975
           9.61806          0.111398
           9.63594          0.111026
           9.65388          0.110843
           9.67189          0.110635
           9.68997          0.110376
           9.70812          0.109997
           9.72633          0.109501
           9.74462          0.108930
           9.76297          0.108318
           9.78139          0.107738
           9.79988          0.107260
           9.81844          0.106653
           9.83707          0.106071
           9.85577          0.105598
           9.87454          0.105295
           9.89339          0.105239
           9.91230          0.105261
           9.93129          0.105301
           9.95036          0.105474
           9.96949          0.105653
           9.98870          0.105872
          10.00798          0.105945
          10.02734          0.105899
          10.04677          0.105819
          10.06628          0.105777
          10.08587          0.105996
          10.10553          0.106536
          10.12526          0.107621
          10.14508          0.109559
          10.16497          0.112224
          10.18494          0.115540
          10.20499          0.119267
          10.22512          0.123138
          10.24533          0.127043
          10.26561          0.130774
          10.28598          0.134330
          10.30643          0.137678
          10.32696          0.140708
          10.34757          0.143251
          10.36827          0.145136
          10.38905          0.146190
          10.40991          0.146628
          10.43086          0.146628
          10.45188          0.146499
          10.47300          0.146572
          10.49420          0.146825
          10.51549          0.147209
          10.53686          0.148039
          10.55832          0.148913
          10.57987          0.149699
          10.60150          0.150352
          10.62323          0.150753
          10.64504          0.150750
          10.66694          0.150699
          10.68894          0.150609
          10.71102          0.150808
          10.73320          0.151366
          10.75547          0.152157
          10.77783          0.153050
          10.80028          0.154039
          10.82283          0.154866
          10.84547          0.155408
          10.86821          0.155539
          10.89104          0.155358
          10.91397          0.154840
          10.93699          0.154109
          10.96012          0.153144
          10.98334          0.152109
          11.00666          0.150994
          11.03007          0.149936
          11.05359          0.148869
          11.07721          0.147889
          11.10093          0.147154
          11.12475          0.146429
          11.14868          0.145691
          11.17271          0.145134
          11.19684          0.144651
          11.22107          0.144184
          11.24541          0.143638
          11.26986          0.143187
          11.29441          0.142666
          11.31907          0.142111
          11.34384          0.141250
          11.36872          0.140217
          11.39370          0.139101
          11.41880          0.137763
          11.44401          0.136264
          11.46933          0.134625
          11.49476          0.132810
          11.52030          0.130752
          11.54596          0.128404
          11.57173          0.125862
          11.59762          0.123323
          11.62362          0.120608
          11.64974          0.117663
          11.67598          0.114729
          11.70234          0.111628
          11.72881          0.108309
          11.75541          0.104907
          11.78213          0.101519
          11.80896          0.098152
          11.83592          0.095005
          11.86301          0.092064
          11.89022          0.089417
          11.91755          0.087160
          11.94501          0.085160
          11.97260          0.083330
          12.00031          0.081665
          12.02816          0.080019
          12.05613          0.078390
          12.08423          0.076980
          12.11246          0.075666
          12.14083          0.074385
          12.16933          0.073179
          12.19796          0.072110
          12.22673          0.070930
          12.25564          0.069740
          12.28468          0.068623
          12.31386          0.067578
          12.34318          0.066617
          12.37264          0.065713
          12.40224          0.064854
          12.43198          0.064093
          12.46186          0.063154
          12.49189          0.062349
          12.52207          0.061629
          12.55238          0.060941
          12.58285          0.060215
          12.61347          0.059580
          12.64423          0.058992
          12.67515          0.058461
          12.70621          0.057923
          12.73743          0.057514
          12.76881          0.056967
          12.80033          0.056480
          12.83202          0.056040
          12.86386          0.055509
          12.89586          0.055033
          12.92802          0.054683
          12.96034          0.054141
          12.99282          0.053738
          13.02546          0.053300
          13.05827          0.052641
          13.09125          0.052065
          13.12439          0.051795
          13.15770          0.051497
          13.19118          0.051397
          13.22483          0.051056
          13.25866          0.050534
          13.29265          0.050229
          13.32683          0.050136
          13.36117          0.049939
          13.39570          0.049589
          13.43040          0.049244
          13.46529          0.048877
          13.50035          0.048547
          13.53560          0.048210
          13.57103          0.047739
          13.60665          0.047130
          13.64246          0.046522
          13.67846          0.045962
          13.71464          0.045342
          13.75102          0.044725
          13.78759          0.044179
          13.82436          0.043524
          13.86132          0.042716
          13.89849          0.041935
          13.93585          0.041098
          13.97341          0.040456
          14.01117          0.039850
          14.04915          0.039235
          14.08732          0.038567
          14.12571          0.037856
          14.16430          0.036965
          14.20311          0.036356
          14.24213          0.035918
          14.28136          0.035177
          14.32081          0.034345
          14.36049          0.034004
          14.40038          0.033260
          14.44049          0.032485
          14.48082          0.031755
          14.52139          0.030722
          14.56218          0.029843
          14.60320          0.029336
          14.64445          0.028712
          14.68593          0.028367
          14.72766          0.028128
          14.76962          0.027728
          14.81181          0.027549
          14.85425          0.027619
          14.89694          0.027445
          14.93987          0.027365
          14.98305          0.026922
          15.02648          0.026382
          15.07016          0.026137
          15.11410          0.026026
          15.15829          0.025637
          15.20274          0.025143
          15.24746          0.024583
          15.29243          0.024329
          15.33768          0.024274
          15.38319          0.024535
          15.42897          0.025210
          15.47503          0.026469
          15.52136          0.028044
          15.56797          0.029963
          15.61487          0.031570
          15.66204          0.032747
          15.70950          0.033658
          15.75725          0.033964
          15.80529          0.033470
          15.85362          0.032904
          15.90226          0.032054
          15.95119          0.031116
          16.00042          0.029952
          16.04995          0.028883
          16.09980          0.027829
          16.14995          0.027234
          16.20042          0.026876
          16.25121          0.026643
          16.30231          0.026537
          16.35374          0.026922
          16.40549          0.027909
          16.45757          0.029458
          16.50998          0.031682
          16.56273          0.035021
          16.61582          0.039270
          16.66924          0.044849
          16.72302          0.051610
          16.77714          0.059047
          16.83161          0.066925
          16.88643          0.075235
          16.94162          0.083951
          16.99716          0.092955
          17.05308          0.101871
          17.10936          0.110946
          17.16601          0.119495
          17.22304          0.127975
          17.28045          0.136599
          17.33824          0.145028
          17.39643          0.152746
          17.45500          0.160124
          17.51397          0.167228
          17.57334          0.173526
          17.63311          0.178514
          17.69329          0.182921
          17.75389          0.186575
          17.81490          0.189341
          17.87633          0.191525
          17.93818          0.192692
          18.00047          0.193415
          18.06319          0.194094
          18.12635          0.194048
          18.18995          0.193731
          18.25400          0.193309
          18.31850          0.192616
          18.38346          0.192074
          18.44888          0.191764
          18.51477          0.191727
          18.58113          0.191944
          18.64797          0.192610
          18.71529          0.193982
          18.78310          0.195535
          18.85140          0.197963
          18.92020          0.200558
          18.98951          0.203318
          19.05932          0.206456
          19.12965          0.209403
          19.20050          0.211369
          19.27188          0.213190
          19.34379          0.214646
          19.41624          0.215265
          19.48923          0.214726
          19.56277          0.213393
          19.63688          0.211654
          19.71154          0.209468
          19.78678          0.206485
          19.86259          0.202123
          19.93898          0.197294
          20.01596          0.192231
          20.09355          0.187518
          20.17173          0.183794
          20.25053          0.181122
          20.32994          0.179565
          20.40998          0.178764
          20.49065          0.178662
          20.57196          0.179361
          20.65392          0.180567
          20.73654          0.180282
          20.81982          0.179549
          20.90377          0.178482
          20.98840          0.176986
          21.07372          0.175168
          21.15973          0.172871
          21.24646          0.170005
          21.33389          0.167123
          21.42204          0.163722
          21.51093          0.160336
          21.60056          0.155913
          21.69094          0.151567
          21.78208          0.147561
          21.87399          0.143335
          21.96667          0.138922
          22.06015          0.134824
          22.15442          0.130805
          22.24951          0.126747
          22.34541          0.123082
          22.44214          0.120172
          22.53972          0.118001
          22.63814          0.115248
          22.73743          0.113418
          22.83760          0.113213
          22.93865          0.113221
          23.04060          0.114211
          23.14346          0.114757
          23.24724          0.114874
          23.35196          0.114693
          23.45763          0.114224
          23.56425          0.114622
          23.67185          0.115572
          23.78044          0.116886
          23.89002          0.118419
          24.00063          0.119477
          24.11226          0.122989
          24.22493          0.125638
          24.33866          0.128426
          24.45347          0.130781
          24.56936          0.130787
          24.68636          0.130591
          24.80447          0.130841
          24.92373          0.130081
          25.04413          0.129132
          25.16571          0.127658
          25.28846          0.124855
          25.41243          0.120730
          25.53761          0.118211
          25.66404          0.118727
          25.79172          0.117320
          25.92068          0.114625