           0.30000          0.095134
           0.30500          0.103239
           0.31000          0.111639
           0.31500          0.120200
           0.32000          0.128339
           0.32500          0.134724
           0.33000          0.141704
           0.33500          0.147457
           0.34000          0.153956
           0.34500          0.159836
           0.35000          0.165059
           0.35500          0.171860
           0.36000          0.177714
           0.36500          0.183268
           0.37000          0.188790
           0.37500          0.196017
           0.38000          0.202279
           0.38500          0.210324
           0.39000          0.217629
           0.39500          0.224929
           0.40000          0.234736
           0.40500          0.238043
           0.41000          0.243709
           0.41500          0.250384
           0.42000          0.257044
           0.42500          0.262871
           0.43000          0.271631
           0.43500          0.278786
           0.44000          0.285916
           0.44500          0.291598
           0.45000          0.296871
           0.45500          0.302893
           0.46000          0.306497
           0.46500          0.310889
           0.47000          0.314822
           0.47500          0.318314
           0.48000          0.322976
           0.48500          0.327376
           0.49000          0.332448
           0.49500          0.337204
           0.50000          0.342825
           0.50500          0.349313
           0.51000          0.354776
           0.51500          0.361409
           0.52000          0.367751
           0.52500          0.374972
           0.53000          0.378941
           0.53500          0.384941
           0.54000          0.390034
           0.54500          0.394302
           0.55000          0.399728
           0.55500          0.404689
           0.56000          0.407415
           0.56500          0.412852
           0.57000          0.415639
           0.57500          0.417950
           0.58000          0.420615
           0.58500          0.421850
           0.59000          0.422092
           0.59500          0.423425
           0.60000          0.424738
           0.60500          0.425962
           0.61000          0.424780
           0.61500          0.423432
           0.62000          0.423391
           0.62500          0.422251
           0.63000          0.421929
           0.63500          0.421077
           0.64000          0.420343
           0.64500          0.420618
           0.65000          0.420184
           0.65500          0.420478
           0.66000          0.417335
           0.66500          0.417088
           0.67000          0.417353
           0.67500          0.417046
           0.68000          0.415787
           0.68500          0.414827
           0.69000          0.415506
           0.69500          0.413612
           0.70000          0.412147
           0.70500          0.411267
           0.71000          0.411459
           0.71500          0.411088
           0.72000          0.411680
           0.72500          0.411850
           0.73000          0.411597
           0.73500          0.411397
           0.74000          0.411897
           0.74500          0.411958
           0.75000          0.412564
           0.75500          0.412588
           0.76000          0.415564
           0.76500          0.417456
           0.77000          0.418492
           0.77500          0.421052
           0.78000          0.420448
           0.78500          0.423127
           0.79000          0.426280
           0.79500          0.428371
           0.80000          0.431222
           0.80500          0.432655
           0.81000          0.434026
           0.81500          0.433721
           0.82000          0.436579
           0.82500          0.437916
           0.83000          0.440673
           0.83500          0.439802
           0.84000          0.440864
           0.84500          0.441383
           0.85000          0.442954
           0.85500          0.440138
           0.86000          0.439493
           0.86500          0.440340
           0.87000          0.439905
           0.87500          0.438587
           0.88000          0.440721
           0.88500          0.438233
           0.89000          0.438403
           0.89500          0.437315
           0.90000          0.438280
           0.90500          0.437655
           0.91000          0.438749
           0.91500          0.438923
           0.92000          0.438092
           0.92500          0.439121
           0.93000          0.438205
           0.93500          0.439665
           0.94000          0.439482
           0.94500          0.440190
           0.95000          0.440614
           0.95500          0.440225
           0.96000          0.440471
           0.96500          0.441406
           0.97000          0.442757
           0.97500          0.443437
           0.98000          0.443819
           0.98500          0.444401
           0.99000          0.444741
           0.99500          0.444753
           1.00000          0.445272
           1.00500          0.445688
           1.01000          0.446096
           1.01500          0.447087
           1.02000          0.446846
           1.02500          0.446721
           1.03000          0.446155
           1.03500          0.447882
           1.04000          0.447504
           1.04500          0.447338
           1.05000          0.447753
           1.05500          0.446481
           1.06000          0.446689
           1.06500          0.446629
           1.07000          0.446964
           1.07500          0.448923
           1.08000          0.447282
           1.08500          0.447881
           1.09000          0.449043
           1.09500          0.448567
           1.10000          0.449311
           1.10500          0.450305
           1.11000          0.450380
           1.11500          0.452415
           1.12000          0.453415
           1.12500          0.454902
           1.13000          0.453999
           1.13500          0.455320
           1.14000          0.456795
           1.14500          0.457080
           1.15000          0.459180
           1.15500          0.460051
           1.16000          0.461826
           1.16500          0.462861
           1.17000          0.465011
           1.17500          0.465946
           1.18000          0.466373
           1.18500          0.469985
           1.19000          0.472593
           1.19500          0.473381
           1.20000          0.475014
           1.20500          0.476861
           1.21000          0.478709
           1.21500          0.482468
           1.22000          0.483003
           1.22500          0.484384
           1.23000          0.487078
           1.23500          0.488882
           1.24000          0.489955
           1.24500          0.492954
           1.25000          0.494653
           1.25500          0.496978
           1.26000          0.498724
           1.26500          0.499634
           1.27000          0.502997
           1.27500          0.503775
           1.28000          0.506104
           1.28500          0.508274
           1.29000          0.511306
           1.29500          0.511893
           1.30000          0.514172
           1.30500          0.516795
           1.31000          0.519709
           1.31500          0.520277
           1.32000          0.522273
           1.32500          0.524690
           1.33000          0.526435
           1.33500          0.530392
           1.34000          0.531796
           1.34500          0.530838
           1.35000          0.533998
           1.35500          0.532966
           1.36000          0.536600
           1.36500          0.539866
           1.37000          0.540951
           1.37500          0.542880
           1.38000          0.541255
           1.38500          0.547554
           1.39000          0.545955
           1.39500          0.540042
           1.40000          0.536313
           1.40500          0.533507
           1.41000          0.530827
           1.41500          0.527761
           1.42000          0.531723
           1.42500          0.539007
           1.43000          0.545911
           1.43500          0.554186
           1.44000          0.557578
           1.44500          0.559861
           1.45000          0.562464
           1.45500          0.565733
           1.46000          0.567718
           1.46500          0.570121
           1.47000          0.570784
           1.47500          0.575134
           1.48000          0.577279
           1.48500          0.578306
           1.49000          0.579696
           1.49500          0.583115
           1.50000          0.583671
           1.50500          0.586803
           1.51000          0.588127
           1.51500          0.590498
           1.52000          0.592274
           1.52500          0.592861
           1.53000          0.592859
           1.53500          0.596428
           1.54000          0.599761
           1.54500          0.599916
           1.55000          0.601951
           1.55500          0.602366
           1.56000          0.604516
           1.56500          0.605726
           1.57000          0.606424
           1.57500          0.607765
           1.58000          0.610992
           1.58500          0.611903
           1.59000          0.613188
           1.59500          0.614316
           1.60000          0.616159
           1.60500          0.614698
           1.61000          0.619367
           1.61500          0.620586
           1.62000          0.620363
           1.62500          0.621894
           1.63000          0.621804
           1.63500          0.624426
           1.64000          0.626955
           1.64500          0.626851
           1.65000          0.628794
           1.65500          0.628297
           1.66000          0.629611
           1.66500          0.629643
           1.67000          0.628412
           1.67500          0.629986
           1.68000          0.630311
           1.68500          0.632426
           1.69000          0.632067
           1.69500          0.634418
           1.70000          0.635066
           1.70500          0.637589
           1.71000          0.637873
           1.71500          0.638833
           1.72000          0.639792
           1.72500          0.640543
           1.73000          0.640715
           1.73500          0.640658
           1.74000          0.643614
           1.74500          0.644279
           1.75000          0.642845
           1.75500          0.644831
           1.76000          0.645798
           1.76500          0.646581
           1.77000          0.646743
           1.77500          0.648292
           1.78000          0.648194
           1.78500          0.649070
           1.79000          0.649679
           1.79500          0.650673
           1.80000          0.653355
           1.80500          0.652281
           1.81000          0.653468
           1.81500          0.655483
           1.82000          0.656429
           1.82500          0.654534
           1.83000          0.658016
           1.83500          0.659374
           1.84000          0.656961
           1.84500          0.656534
           1.85000          0.657148
           1.85500          0.657362
           1.86000          0.657597
           1.86500          0.657370
           1.87000          0.661801
           1.87500          0.651265
           1.88000          0.647066
           1.88500          0.646159
           1.89000          0.639477
           1.89500          0.629046
           1.90000          0.619000
           1.90500          0.605414
           1.91000          0.599346
           1.91500          0.603712
           1.92000          0.608454
           1.92500          0.611553
           1.93000          0.614818
           1.93500          0.619329
           1.94000          0.622383
           1.94500          0.623838
           1.95000          0.625029
           1.95500          0.627185
           1.96000          0.629900
           1.96500          0.629851
           1.97000          0.633794
           1.97500          0.635536
           1.98000          0.637886
           1.98500          0.638422
           1.99000          0.641195
           1.99500          0.642813
           2.00000          0.644875
           2.00500          0.646194
           2.01000          0.649259
           2.01500          0.651160
           2.02000          0.652991
           2.02500          0.654875
           2.03000          0.656549
           2.03500          0.657918
           2.04000          0.658547
           2.04500          0.661556
           2.05000          0.661327
           2.05500          0.663262
           2.06000          0.661762
           2.06500          0.663805
           2.07000          0.663331
           2.07500          0.663913
           2.08000          0.666488
           2.08500          0.666556
           2.09000          0.665332
           2.09500          0.664802
           2.10000          0.664346
           2.10500          0.664490
           2.11000          0.663561
           2.11500          0.663203
           2.12000          0.663047
           2.12500          0.662920
           2.13000          0.665314
           2.13500          0.665024
           2.14000          0.664383
           2.14500          0.665314
           2.15000          0.665303
           2.15500          0.662747
           2.16000          0.662293
           2.16500          0.660755
           2.17000          0.657085
           2.17500          0.653480
           2.18000          0.649403
           2.18500          0.641244
           2.19000          0.635010
           2.19500          0.626380
           2.20000          0.617575
           2.20500          0.608363
           2.21000          0.601597
           2.21500          0.595041
           2.22000          0.592089
           2.22500          0.592279
           2.23000          0.596513
           2.23500          0.604295
           2.24000          0.609864
           2.24500          0.612307
           2.25000          0.614069
           2.25500          0.616875
           2.26000          0.621316
           2.26500          0.626900
           2.27000          0.633714
           2.27500          0.637486
           2.28000          0.642676
           2.28500          0.645808
           2.29000          0.645190
           2.29500          0.644780
           2.30000          0.642642
           2.30500          0.639434
           2.31000          0.634511
           2.31500          0.628499
           2.32000          0.622443
           2.32500          0.616139
           2.33000          0.610612
           2.33500          0.602902
           2.34000          0.597563
           2.34500          0.592218
           2.35000          0.589068
           2.35500          0.587654
           2.36000          0.589927
           2.36500          0.591227
           2.37000          0.593068
           2.37500          0.595669
           2.38000          0.597311
           2.38500          0.596559
           2.39000          0.597575
           2.39500          0.598814
           2.40000          0.598423
           2.40500          0.596254
           2.41000          0.596198
           2.41500          0.595192
           2.42000          0.590556
           2.42500          0.585996
           2.43000          0.582155
           2.43500          0.578524
           2.44000          0.575658
           2.44500          0.574408
           2.45000          0.572632
           2.45500          0.572858
           2.46000          0.572457
           2.46500          0.575144
           2.47000          0.573603
           2.47500          0.572458
           2.48000          0.573861
           2.48500          0.573922
           2.49000          0.574585
           2.49500          0.573671
           2.50000          0.572736
           2.50500          0.575111
           2.51000          0.576044
           2.51500          0.577058
           2.52000          0.574936
           2.52500          0.577496
           2.52638          0.578026
           2.52761          0.578044
           2.52885          0.577508
           2.53008          0.577492
           2.53132          0.577368
           2.53255          0.577581
           2.53379          0.578246
           2.53503          0.577916
           2.53627          0.577927
           2.53751          0.578424
           2.53875          0.578066
           2.54000          0.577377
           2.54124          0.577557
           2.54249          0.577316
           2.54374          0.577361
           2.54499          0.577421
           2.54624          0.576876
           2.54749          0.576428
           2.54874          0.576445
           2.54999          0.576742
           2.55125          0.576541
           2.55250          0.576461
           2.55376          0.576152
           2.55502          0.576075
           2.55628          0.575691
           2.55754          0.575590
           2.55880          0.575693
           2.56007          0.575346
           2.56133          0.574346
           2.56260          0.573604
           2.56386          0.573908
           2.56513          0.574402
           2.56640          0.574409
           2.56767          0.573348
           2.56895          0.572081
           2.57022          0.571683
           2.57150          0.571931
           2.57277          0.572114
           2.57405          0.570798
           2.57533          0.570519
           2.57661          0.570191
           2.57789          0.569332
           2.57917          0.569549
           2.58046          0.569531
           2.58174          0.568334
           2.58303          0.567837
           2.58431          0.566992
           2.58560          0.567521
           2.58689          0.567772
           2.58819          0.565964
           2.58948          0.565312
           2.59077          0.565652
           2.59207          0.565661
           2.59336          0.564631
           2.59466          0.562134
           2.59596          0.561549
           2.59726          0.564715
           2.59856          0.565280
           2.59987          0.563528
           2.60117          0.562069
           2.60248          0.560644
           2.60378          0.560305
           2.60509          0.560036
           2.60640          0.560007
           2.60771          0.560384
           2.60903          0.560005
           2.61034          0.559602
           2.61166          0.559708
           2.61297          0.559066
           2.61429          0.558682
           2.61561          0.558759
           2.61693          0.557932
           2.61825          0.558049
           2.61957          0.559164
           2.62090          0.557733
           2.62222          0.557909
           2.62355          0.559070
           2.62488          0.558162
           2.62621          0.556881
           2.62754          0.556494
           2.62887          0.557574
           2.63021          0.557066
           2.63154          0.556316
           2.63288          0.557497
           2.63421          0.557375
           2.63555          0.556785
           2.63689          0.556735
           2.63824          0.556778
           2.63958          0.556239
           2.64092          0.555571
           2.64227          0.555225
           2.64362          0.555023
           2.64497          0.554632
           2.64632          0.554121
           2.64767          0.553599
           2.64902          0.553412
           2.65038          0.552744
           2.65173          0.551561
           2.65309          0.550657
           2.65445          0.550126
           2.65581          0.549222
           2.65717          0.548493
           2.65853          0.547219
           2.65989          0.545484
           2.66126          0.544195
           2.66263          0.543240
           2.66400          0.541579
           2.66536          0.539031
           2.66674          0.537213
           2.66811          0.536815
           2.66948          0.535080
           2.67086          0.530327
           2.67223          0.526648
           2.67361          0.524537
           2.67499          0.519813
           2.67637          0.515035
           2.67776          0.511225
           2.67914          0.508372
           2.68052          0.504687
           2.68191          0.500865
           2.68330          0.495675
           2.68469          0.489932
           2.68608          0.484025
           2.68747          0.477457
           2.68887          0.469890
           2.69026          0.461481
           2.69166          0.452776
           2.69306          0.443953
           2.69446          0.434289
           2.69586          0.424594
           2.69726          0.415017
           2.69866          0.406023
           2.70007          0.397261
           2.70148          0.389288
           2.70289          0.381524
           2.70430          0.373999
           2.70571          0.365621
           2.70712          0.357072
           2.70853          0.348403
           2.70995          0.340229
           2.71137          0.331781
           2.71279          0.322836
           2.71421          0.313165
           2.71563          0.302394
           2.71705          0.290805
           2.71848          0.279401
           2.71990          0.267973
           2.72133          0.255953
           2.72276          0.242797
           2.72419          0.230903
           2.72562          0.219200
           2.72706          0.207796
           2.72849          0.197349
           2.72993          0.187833
           2.73137          0.179366
           2.73281          0.171710
           2.73425          0.164423
           2.73569          0.157914
           2.73714          0.152120
           2.73858          0.146808
           2.74003          0.141795
           2.74148          0.136846
           2.74293          0.132335
           2.74438          0.128787
           2.74583          0.125332
           2.74729          0.121812
           2.74875          0.118336
           2.75020          0.115350
           2.75166          0.112239
           2.75313          0.109398
           2.75459          0.106740
           2.75605          0.104330
           2.75752          0.102355
           2.75899          0.100522
           2.76046          0.099011
           2.76193          0.098036
           2.76340          0.097500
           2.76487          0.097406
           2.76635          0.097671
           2.76782          0.098093
           2.76930          0.098500
           2.77078          0.099076
           2.77226          0.100058
           2.77375          0.101154
           2.77523          0.102604
           2.77672          0.104641
           2.77821          0.107272
           2.77970          0.110218
           2.78119          0.113291
           2.78268          0.116490
           2.78418          0.119842
           2.78567          0.123416
           2.78717          0.127222
           2.78867          0.131035
           2.79017          0.134600
           2.79167          0.138409
           2.79318          0.142308
           2.79468          0.146545
           2.79619          0.150956
           2.79770          0.155211
           2.79921          0.158778
           2.80072          0.162723
           2.80224          0.167128
           2.80375          0.171415
           2.80527          0.175239
           2.80679          0.179455
           2.80831          0.183594
           2.80983          0.187967
           2.81135          0.192628
           2.81288          0.196918
           2.81441          0.201137
           2.81593          0.205657
           2.81746          0.210400
           2.81900          0.214885
           2.82053          0.219064
           2.82207          0.223500
           2.82360          0.228250
           2.82514          0.232679
           2.82668          0.236855
           2.82822          0.241176
           2.82977          0.245495
           2.83131          0.249896
           2.83286          0.254225
           2.83441          0.258553
           2.83596          0.262799
           2.83751          0.266858
           2.83907          0.270873
           2.84062          0.274894
           2.84218          0.278248
           2.84374          0.281462
           2.84530          0.285045
           2.84686          0.288385
           2.84843          0.291348
           2.84999          0.294355
           2.85156          0.297213
           2.85313          0.299710
           2.85470          0.302225
           2.85627          0.304588
           2.85785          0.306331
           2.85942          0.308277
           2.86100          0.310231
           2.86258          0.311910
           2.86416          0.313287
           2.86575          0.314418
           2.86733          0.315505
           2.86892          0.316440
           2.87051          0.317374
           2.87210          0.317878
           2.87369          0.318365
           2.87528          0.318967
           2.87688          0.319592
           2.87848          0.319930
           2.88007          0.320330
           2.88168          0.320553
           2.88328          0.321023
           2.88488          0.321066
           2.88649          0.321518
           2.88810          0.321705
           2.88971          0.321621
           2.89132          0.321782
           2.89293          0.321869
           2.89455          0.321934
           2.89616          0.322021
           2.89778          0.321991
           2.89940          0.321925
           2.90103          0.322183
           2.90265          0.322401
           2.90428          0.322365
           2.90591          0.322279
           2.90754          0.322091
           2.90917          0.322211
           2.91080          0.322272
           2.91244          0.322424
           2.91407          0.322637
           2.91571          0.322733
           2.91735          0.322836
           2.91899          0.322904
           2.92064          0.323131
           2.92229          0.323092
           2.92393          0.323138
           2.92558          0.323604
           2.92724          0.323900
           2.92889          0.323975
           2.93055          0.324235
           2.93220          0.324584
           2.93386          0.324773
           2.93552          0.325033
           2.93719          0.324996
           2.93885          0.325089
           2.94052          0.325642
           2.94219          0.325968
           2.94386          0.326157
           2.94553          0.326214
           2.94721          0.326607
           2.94888          0.327125
           2.95056          0.327460
           2.95224          0.327757
           2.95392          0.328401
           2.95561          0.328877
           2.95729          0.329273
           2.95898          0.329521
           2.96067          0.329645
           2.96236          0.329907
           2.96406          0.330287
           2.96575          0.330910
           2.96745          0.331334
           2.96915          0.331301
           2.97085          0.331338
           2.97255          0.331994
           2.97426          0.332364
           2.97597          0.332584
           2.97768          0.332870
           2.97939          0.333196
           2.98110          0.333465
           2.98282          0.333657
           2.98453          0.333828
           2.98625          0.333889
           2.98797          0.333931
           2.98970          0.334175
           2.99142          0.334444
           2.99315          0.334603
           2.99488          0.334343
           2.99661          0.334226
           2.99834          0.334386
           3.00008          0.334798
           3.00182          0.335126
           3.00355          0.335121
           3.00530          0.334976
           3.00704          0.334884
           3.00878          0.334805
           3.01053          0.334793
           3.01228          0.335065
           3.01403          0.335381
           3.01579          0.335261
           3.01754          0.335119
           3.01930          0.335226
           3.02106          0.335278
           3.02282          0.335365
           3.02458          0.335770
           3.02635          0.335875
           3.02812          0.335685
           3.02989          0.336212
           3.03166          0.336597
           3.03343          0.336440
           3.03521          0.336248
           3.03699          0.336301
           3.03877          0.336503
           3.04055          0.336910
           3.04233          0.337131
           3.04412          0.337088
           3.04591          0.337213
           3.04770          0.337463
           3.04949          0.337826
           3.05129          0.338299
           3.05308          0.338761
           3.05488          0.338957
           3.05668          0.339079
           3.05849          0.339236
           3.06029          0.339421
           3.06210          0.339754
           3.06391          0.340021
           3.06572          0.340367
           3.06754          0.340667
           3.06935          0.341065
           3.07117          0.341471
           3.07299          0.341742
           3.07481          0.341939
           3.07664          0.342094
           3.07847          0.342478
           3.08029          0.342953
           3.08213          0.343483
           3.08396          0.343853
           3.08579          0.344162
           3.08763          0.344593
           3.08947          0.345073
           3.09131          0.345562
           3.09316          0.346005
           3.09501          0.346640
           3.09685          0.347178
           3.09871          0.347497
           3.10056          0.347951
           3.10241          0.348553
           3.10427          0.349268
           3.10613          0.349722
           3.10799          0.350148
           3.10986          0.350783
           3.11173          0.351273
           3.11359          0.351830
           3.11547          0.352289
           3.11734          0.352830
           3.11921          0.353662
           3.12109          0.354219
           3.12297          0.354769
           3.12486          0.355343
           3.12674          0.356011
           3.12863          0.356470
           3.13052          0.357006
           3.13241          0.357683
           3.13430          0.358585
           3.13620          0.359222
           3.13810          0.359646
           3.14000          0.359908
           3.14190          0.360861
           3.14381          0.361677
           3.14571          0.362002
           3.14762          0.362536
           3.14954          0.363112
           3.15145          0.363646
           3.15337          0.364560
           3.15529          0.365321
           3.15721          0.365963
           3.15913          0.366773
           3.16106          0.367403
           3.16299          0.368033
           3.16492          0.368656
           3.16685          0.369729
           3.16879          0.370507
           3.17072          0.371003
           3.17267          0.371586
           3.17461          0.372261
           3.17655          0.373006
           3.17850          0.373734
           3.18045          0.374406
           3.18240          0.375125
           3.18436          0.375889
           3.18632          0.376399
           3.18827          0.377229
           3.19024          0.378018
           3.19220          0.378758
           3.19417          0.379629
           3.19614          0.380489
           3.19811          0.381187
           3.20008          0.381845
           3.20206          0.382869
           3.20404          0.383979
           3.20602          0.384646
           3.20800          0.385269
           3.20999          0.386138
           3.21198          0.386860
           3.21397          0.387635
           3.21596          0.388530
           3.21796          0.389408
           3.21996          0.390207
           3.22196          0.391069
           3.22396          0.391792
           3.22597          0.392549
           3.22798          0.393397
           3.22999          0.394221
           3.23200          0.394891
           3.23402          0.395758
           3.23604          0.396315
           3.23806          0.396891
           3.24008          0.397873
           3.24211          0.398739
           3.24414          0.399468
           3.24617          0.400163
           3.24820          0.400671
           3.25024          0.401390
           3.25228          0.402126
           3.25432          0.402798
           3.25637          0.403470
           3.25841          0.404166
           3.26046          0.404691
           3.26251          0.405318
           3.26457          0.406012
           3.26663          0.406522
           3.26869          0.407014
           3.27075          0.407750
           3.27281          0.408529
           3.27488          0.409356
           3.27695          0.410066
           3.27902          0.410750
           3.28110          0.411516
           3.28318          0.412061
           3.28526          0.412706
           3.28734          0.413507
           3.28943          0.414258
           3.29151          0.415181
           3.29361          0.415898
           3.29570          0.416629
           3.29780          0.417334
           3.29990          0.418111
           3.30200          0.419041
           3.30410          0.419826
           3.30621          0.420589
           3.30832          0.421589
           3.31043          0.422564
           3.31255          0.423334
           3.31466          0.424082
           3.31679          0.424957
           3.31891          0.425915
           3.32103          0.426651
           3.32316          0.427351
           3.32529          0.428319
           3.32743          0.429412
           3.32957          0.430185
           3.33171          0.430960
           3.33385          0.431836
           3.33599          0.432715
           3.33814          0.433560
           3.34029          0.434382
           3.34245          0.435137
           3.34460          0.435860
           3.34676          0.436511
           3.34892          0.437380
           3.35109          0.438224
           3.35326          0.438936
           3.35543          0.439521
           3.35760          0.440189
           3.35978          0.440990
           3.36196          0.441573
           3.36414          0.442020
           3.36632          0.442526
           3.36851          0.443020
           3.37070          0.443489
           3.37289          0.444006
           3.37509          0.444597
           3.37729          0.445334
           3.37949          0.445988
           3.38169          0.446838
           3.38390          0.447616
           3.38611          0.448382
           3.38832          0.449316
           3.39054          0.450047
           3.39276          0.450778
           3.39498          0.451546
           3.39721          0.451764
           3.39943          0.451960
           3.40166          0.452174
           3.40390          0.452455
           3.40613          0.452696
           3.40837          0.452663
           3.41061          0.452829
           3.41286          0.453270
           3.41511          0.453820
           3.41736          0.454593
           3.41961          0.455968
           3.42187          0.457418
           3.42413          0.459184
           3.42639          0.461430
           3.42866          0.463463
           3.43093          0.465128
           3.43320          0.466906
           3.43548          0.468463
           3.43776          0.469805
           3.44004          0.471272
           3.44232          0.472656
           3.44461          0.473907
           3.44690          0.475155
           3.44919          0.476401
           3.45149          0.477521
           3.45379          0.478776
           3.45609          0.480045
           3.45840          0.481135
           3.46070          0.482043
           3.46302          0.483062
           3.46533          0.484058
           3.46765          0.484791
           3.46997          0.485472
           3.47229          0.486294
           3.47462          0.486957
           3.47695          0.487491
           3.47929          0.487981
           3.48162          0.488508
           3.48396          0.489243
           3.48630          0.489700
           3.48865          0.490143
           3.49100          0.490616
           3.49335          0.490780
           3.49571          0.490878
           3.49807          0.491047
           3.50043          0.491379
           3.50279          0.492028
           3.50516          0.492785
           3.50753          0.493836
           3.50991          0.495178
           3.51229          0.496427
           3.51467          0.497591
           3.51705          0.498734
           3.51944          0.499886
           3.52183          0.500973
           3.52423          0.502137
           3.52662          0.503458
           3.52902          0.504676
           3.53143          0.505948
           3.53383          0.507184
           3.53624          0.508227
           3.53866          0.509313
           3.54108          0.510398
           3.54350          0.511494
           3.54592          0.512632
           3.54835          0.513792
           3.55078          0.514733
           3.55321          0.515597
           3.55565          0.516614
           3.55809          0.517656
           3.56053          0.518719
           3.56298          0.519802
           3.56543          0.520844
           3.56788          0.521856
           3.57034          0.522736
           3.57280          0.523914
           3.57527          0.525238
           3.57773          0.526315
           3.58020          0.527142
           3.58268          0.528196
           3.58516          0.529093
           3.58764          0.529962
           3.59012          0.530939
           3.59261          0.531906
           3.59510          0.532803
           3.59760          0.533848
           3.60009          0.534792
           3.60260          0.535667
           3.60510          0.536539
           3.60761          0.537424
           3.61012          0.538155
           3.61264          0.538921
           3.61516          0.539764
           3.61768          0.540619
           3.62021          0.541345
           3.62274          0.542151
           3.62527          0.542945
           3.62781          0.543764
           3.63035          0.544549
           3.63289          0.545289
           3.63544          0.546123
           3.63799          0.546814
           3.64054          0.547303
           3.64310          0.547844
           3.64566          0.548580
           3.64823          0.549355
           3.65080          0.549990
           3.65337          0.550561
           3.65595          0.550934
           3.65853          0.551405
           3.66111          0.551948
           3.66370          0.552667
           3.66629          0.553505
           3.66889          0.554021
           3.67148          0.554517
           3.67409          0.555147
           3.67669          0.555721
           3.67930          0.556295
           3.68191          0.556771
           3.68453          0.557389
           3.68715          0.558042
           3.68978          0.558626
           3.69240          0.559127
           3.69504          0.559750
           3.69767          0.560455
           3.70031          0.561197
           3.70295          0.561823
           3.70560          0.562488
           3.70825          0.563218
           3.71091          0.563912
           3.71356          0.564638
           3.71623          0.565310
           3.71889          0.565860
           3.72156          0.566725
           3.72423          0.567582
           3.72691          0.568460
           3.72959          0.569090
           3.73228          0.569760
           3.73497          0.570561
           3.73766          0.571233
           3.74036          0.571955
           3.74306          0.573030
           3.74576          0.573927
           3.74847          0.574768
           3.75118          0.575517
           3.75390          0.576468
           3.75662          0.577281
           3.75934          0.578049
           3.76207          0.578974
           3.76480          0.579855
           3.76754          0.580663
           3.77028          0.581422
           3.77302          0.582139
           3.77577          0.583132
           3.77852          0.583944
           3.78128          0.584661
           3.78404          0.585261
           3.78680          0.586064
           3.78957          0.586884
           3.79234          0.587439
           3.79512          0.588071
           3.79790          0.588633
           3.80069          0.589149
           3.80347          0.589669
           3.80627          0.590245
           3.80906          0.590856
           3.81186          0.591486
           3.81467          0.592044
           3.81748          0.592552
           3.82029          0.593088
           3.82311          0.593522
           3.82593          0.593896
           3.82876          0.594278
           3.83159          0.594693
           3.83442          0.595119
           3.83726          0.595669
           3.84010          0.596070
           3.84295          0.596522
           3.84580          0.596908
           3.84865          0.597337
           3.85151          0.597782
           3.85438          0.598157
           3.85724          0.598567
           3.86012          0.598918
           3.86299          0.599422
           3.86587          0.599836
           3.86876          0.600141
           3.87165          0.600499
           3.87454          0.600806
           3.87744          0.601122
           3.88034          0.601494
           3.88325          0.601869
           3.88616          0.602108
           3.88907          0.602448
           3.89199          0.602759
           3.89492          0.602961
           3.89785          0.603211
           3.90078          0.603562
           3.90372          0.603787
           3.90666          0.603986
           3.90960          0.604183
           3.91255          0.604511
           3.91551          0.604780
           3.91847          0.604998
           3.92143          0.605157
           3.92440          0.605265
           3.92738          0.605254
           3.93035          0.605382
           3.93333          0.605469
           3.93632          0.605649
           3.93931          0.605884
           3.94231          0.606134
           3.94531          0.606214
           3.94831          0.606214
           3.95132          0.606111
           3.95434          0.606094
           3.95735          0.606050
           3.96038          0.606108
           3.96341          0.606008
           3.96644          0.605912
           3.96948          0.606099
           3.97252          0.606207
           3.97556          0.606364
           3.97861          0.606425
           3.98167          0.606476
           3.98473          0.606516
           3.98780          0.606659
           3.99087          0.606797
           3.99394          0.606959
           3.99702          0.607223
           4.00010          0.607490
           4.00319          0.607792
           4.00629          0.608045
           4.00939          0.608329
           4.01249          0.608500
           4.01560          0.608837
           4.01871          0.608938
           4.02183          0.609055
           4.02495          0.609174
           4.02808          0.609322
           4.03121          0.609458
           4.03435          0.609558
           4.03749          0.609542
           4.04064          0.609692
           4.04379          0.609718
           4.04694          0.609779
           4.05011          0.609697
           4.05327          0.609788
           4.05644          0.609645
           4.05962          0.609580
           4.06280          0.609601
           4.06599          0.609563
           4.06918          0.609458
           4.07238          0.609310
           4.07558          0.609036
           4.07878          0.608860
           4.08200          0.608732
           4.08521          0.608626
           4.08843          0.608505
           4.09166          0.608219
           4.09489          0.607968
           4.09813          0.607891
           4.10137          0.607720
           4.10462          0.607312
           4.10787          0.606910
           4.11113          0.606741
           4.11439          0.606593
           4.11766          0.606422
           4.12093          0.606228
           4.12421          0.605914
           4.12750          0.605567
           4.13079          0.605429
           4.13408          0.605153
           4.13738          0.604867
           4.14068          0.604712
           4.14399          0.604511
           4.14731          0.604111
           4.15063          0.603844
           4.15395          0.603644
           4.15729          0.603487
           4.16062          0.603110
           4.16396          0.602776
           4.16731          0.602586
           4.17066          0.602389
           4.17402          0.602136
           4.17739          0.601909
           4.18075          0.601928
           4.18413          0.601839
           4.18751          0.601558
           4.19089          0.601213
           4.19428          0.601117
           4.19768          0.601113
           4.20108          0.600935
           4.20449          0.600785
           4.20790          0.600670
           4.21132          0.600614
           4.21474          0.600602
           4.21817          0.600691
           4.22161          0.600799
           4.22505          0.600963
           4.22850          0.600918
           4.23195          0.600803
           4.23540          0.600529
           4.23887          0.600356
           4.24234          0.600248
           4.24581          0.599890
           4.24929          0.599234
           4.25278          0.598506
           4.25627          0.597641
           4.25977          0.596196
           4.26327          0.594852
           4.26678          0.594421
           4.27029          0.594517
           4.27381          0.594936
           4.27734          0.595407
           4.28087          0.595826
           4.28441          0.596168
           4.28795          0.596417
           4.29150          0.596501
           4.29506          0.596787
           4.29862          0.596864
           4.30219          0.596765
           4.30576          0.596684
           4.30934          0.596763
           4.31292          0.596672
           4.31652          0.596498
           4.32011          0.596299
           4.32372          0.596189
           4.32732          0.596131
           4.33094          0.596004
           4.33456          0.595840
           4.33819          0.595674
           4.34182          0.595512
           4.34546          0.595267
           4.34911          0.595121
           4.35276          0.594974
           4.35642          0.594657
           4.36008          0.594393
           4.36375          0.594227
           4.36743          0.593943
           4.37111          0.593407
           4.37480          0.593086
           4.37849          0.592737
           4.38219          0.592208
           4.38590          0.591620
           4.38961          0.591100
           4.39333          0.590622
           4.39706          0.590198
           4.40079          0.589680
           4.40453          0.588992
           4.40828          0.588320
           4.41203          0.587795
           4.41579          0.587261
           4.41955          0.586715
           4.42332          0.586034
           4.42710          0.585443
           4.43088          0.584860
           4.43468          0.584211
           4.43847          0.583544
           4.44228          0.582825
           4.44608          0.582235
           4.44990          0.581778
           4.45372          0.581171
           4.45755          0.580469
           4.46139          0.579623
           4.46523          0.578862
           4.46908          0.578248
           4.47294          0.577761
           4.47680          0.577304
           4.48067          0.576852
           4.48455          0.576585
           4.48843          0.576400
           4.49232          0.576037
           4.49621          0.575794
           4.50012          0.575672
           4.50403          0.575606
           4.50794          0.575557
           4.51187          0.575644
           4.51580          0.575719
           4.51973          0.575829
           4.52368          0.575962
           4.52763          0.575972
           4.53159          0.575857
           4.53555          0.575723
           4.53952          0.575480
           4.54350          0.575328
           4.54749          0.575124
           4.55148          0.574885
           4.55548          0.574484
           4.55949          0.574046
           4.56350          0.573587
           4.56752          0.573119
           4.57155          0.572648
           4.57558          0.572215
           4.57963          0.571601
           4.58367          0.570920
           4.58773          0.570215
           4.59179          0.569559
           4.59586          0.568971
           4.59994          0.568388
           4.60403          0.567783
           4.60812          0.567099
           4.61222          0.566224
           4.61633          0.565362
           4.62044          0.564619
           4.62456          0.563788
           4.62869          0.562928
           4.63283          0.562113
           4.63697          0.561239
           4.64112          0.560420
           4.64528          0.559583
           4.64945          0.558686
           4.65362          0.557574
           4.65780          0.556450
           4.66199          0.555332
           4.66619          0.554302
           4.67039          0.553206
           4.67460          0.552227
           4.67882          0.551271
           4.68305          0.550353
           4.68728          0.549568
           4.69152          0.548912
           4.69577          0.548304
           4.70003          0.547851
           4.70430          0.547395
           4.70857          0.547083
           4.71285          0.546723
           4.71714          0.546301
           4.72143          0.545825
           4.72574          0.545327
           4.73005          0.544732
           4.73437          0.544174
           4.73870          0.543460
           4.74303          0.542706
           4.74738          0.541921
           4.75173          0.541200
           4.75609          0.540371
           4.76045          0.539544
           4.76483          0.538586
           4.76921          0.537726
           4.77360          0.536925
           4.77800          0.536143
           4.78241          0.535375
           4.78683          0.534574
           4.79125          0.533691
           4.79568          0.532887
           4.80013          0.532063
           4.80457          0.531248
           4.80903          0.530400
           4.81350          0.529674
           4.81797          0.528988
           4.82245          0.528229
           4.82694          0.527463
           4.83144          0.526662
           4.83595          0.525912
           4.84046          0.525043
           4.84499          0.524114
           4.84952          0.523144
           4.85406          0.522127
           4.85861          0.521104
           4.86317          0.519893
           4.86773          0.518593
           4.87231          0.517183
           4.87689          0.515684
           4.88148          0.514026
           4.88608          0.512051
           4.89069          0.509859
           4.89531          0.507449
           4.89994          0.504620
           4.90457          0.501568
           4.90922          0.498263
           4.91387          0.494930
           4.91853          0.491714
           4.92321          0.488683
           4.92788          0.485952
           4.93257          0.483624
           4.93727          0.481507
           4.94198          0.479718
           4.94669          0.478104
           4.95142          0.476609
           4.95615          0.474982
           4.96090          0.472988
           4.96565          0.470700
           4.97041          0.467906
           4.97518          0.464793
           4.97996          0.461528
           4.98475          0.458348
           4.98954          0.455499
           4.99435          0.452925
           4.99917          0.450796
           5.00399          0.449005
           5.00883          0.447590
           5.01367          0.446447
           5.01852          0.445320
           5.02339          0.444451
           5.02826          0.444084
           5.03314          0.443639
           5.03803          0.443222
           5.04293          0.442681
           5.04784          0.442067
           5.05276          0.441592
           5.05769          0.441154
           5.06263          0.440697
           5.06758          0.440324
           5.07254          0.440020
           5.07751          0.439903
           5.08249          0.440055
           5.08747          0.440592
           5.09247          0.441240
           5.09748          0.441648
           5.10250          0.441978
           5.10752          0.442177
           5.11256          0.442004
           5.11761          0.441524
           5.12266          0.440814
           5.12773          0.439908
           5.13281          0.438903
           5.13789          0.437933
           5.14299          0.436956
           5.14810          0.435924
           5.15322          0.435153
           5.15834          0.434350
           5.16348          0.433143
           5.16863          0.431907
           5.17379          0.430640
           5.17896          0.429464
           5.18413          0.428110
           5.18932          0.426702
           5.19452          0.425154
           5.19973          0.423447
           5.20496          0.421578
           5.21019          0.419442
           5.21543          0.416741
           5.22068          0.413844
           5.22594          0.410389
           5.23122          0.406365
           5.23650          0.401985
           5.24179          0.397273
           5.24710          0.392434
           5.25242          0.387497
           5.25774          0.382714
           5.26308          0.378034
           5.26843          0.373425
           5.27379          0.369012
           5.27916          0.364768
           5.28454          0.360859
           5.28993          0.357114
           5.29534          0.353523
           5.30075          0.350547
           5.30618          0.347631
           5.31161          0.344965
           5.31706          0.342588
           5.32252          0.340456
           5.32799          0.338440
           5.33347          0.336550
           5.33896          0.334847
           5.34447          0.333329
           5.34998          0.331954
           5.35551          0.331181
           5.36105          0.331046
           5.36660          0.331320
           5.37216          0.332238
           5.37773          0.333755
           5.38332          0.335948
           5.38891          0.338611
           5.39452          0.341604
           5.40014          0.344768
           5.40577          0.347975
           5.41141          0.350764
           5.41707          0.353186
           5.42274          0.354798
           5.42841          0.356742
           5.43410          0.358353
           5.43981          0.358538
           5.44552          0.358714
           5.45125          0.358709
           5.45698          0.358245
           5.46273          0.357240
           5.46850          0.356168
           5.47427          0.355217
           5.48006          0.353666
           5.48586          0.352287
           5.49167          0.350865
           5.49749          0.349048
           5.50333          0.347427
           5.50918          0.345794
           5.51504          0.344171
           5.52091          0.342335
           5.52680          0.340688
           5.53269          0.339234
           5.53861          0.337749
           5.54453          0.336123
           5.55047          0.334620
           5.55641          0.333477
           5.56238          0.332659
           5.56835          0.331741
           5.57434          0.330961
           5.58034          0.330256
           5.58635          0.330430
           5.59238          0.330788
           5.59842          0.330856
           5.60447          0.331181
           5.61054          0.331910
           5.61661          0.332376
           5.62271          0.333121
           5.62881          0.334177
           5.63493          0.335208
           5.64106          0.336191
           5.64721          0.338051
           5.65336          0.340522
           5.65954          0.342061
           5.66572          0.344080
           5.67192          0.345574
           5.67813          0.347040
           5.68436          0.348907
           5.69060          0.350010
           5.69685          0.350947
           5.70312          0.352184
           5.70940          0.352493
           5.71569          0.353191
           5.72200          0.354273
           5.72833          0.354741
           5.73466          0.354945
           5.74101          0.354971
           5.74738          0.354732
           5.75376          0.354446
           5.76015          0.354071
           5.76656          0.352673
           5.77298          0.352561
           5.77941          0.352547
           5.78586          0.350985
           5.79233          0.349771
           5.79881          0.348584
           5.80530          0.347392
           5.81181          0.346139
           5.81833          0.344440
           5.82487          0.342801
           5.83142          0.342194
           5.83799          0.340777
           5.84457          0.338817
           5.85117          0.336690
           5.85778          0.334643
           5.86441          0.332451
           5.87105          0.330378
           5.87770          0.327818
           5.88438          0.324907
           5.89106          0.323558
           5.89776          0.320759
           5.90448          0.318510
           5.91121          0.316306
           5.91796          0.313268
           5.92473          0.310790
           5.93150          0.308427
           5.93830          0.305954
           5.94511          0.304900
           5.95193          0.303743
           5.95878          0.302071
           5.96563          0.300904
           5.97251          0.299768
           5.97939          0.299660
           5.98630          0.298775
           5.99322          0.297941
           6.00016          0.297677
           6.00711          0.296840
           6.01408          0.295325
           6.02106          0.294318
           6.02806          0.293346
           6.03508          0.291910
           6.04212          0.290170
           6.04917          0.287926
           6.05623          0.287296
           6.06332          0.286947
           6.07042          0.284521
           6.07753          0.282897
           6.08467          0.281876
           6.09182          0.280370
           6.09898          0.278567
           6.10617          0.276892
           6.11337          0.275016
           6.12058          0.274004
           6.12782          0.273273
           6.13507          0.272039
           6.14234          0.271006
           6.14963          0.270460
           6.15693          0.269945
           6.16425          0.269659
           6.17159          0.270257
           6.17895          0.270702
           6.18632          0.271149
           6.19371          0.273198
           6.20112          0.275491
           6.20854          0.277115
           6.21599          0.279555
           6.22345          0.282263
           6.23093          0.285181
           6.23843          0.288095
           6.24595          0.291212
           6.25348          0.294269
           6.26103          0.297461
           6.26860          0.300642
           6.27619          0.304033
           6.28380          0.307345
           6.29143          0.310629
           6.29907          0.313732
           6.30673          0.316789
           6.31442          0.319616
           6.32212          0.322464
           6.32984          0.325228
           6.33757          0.327797
           6.34533          0.329671
           6.35311          0.332884
           6.36090          0.335543
           6.36872          0.336749
           6.37655          0.338599
           6.38440          0.340834
           6.39227          0.342363
           6.40017          0.343984
           6.40808          0.344691
           6.41601          0.345012
           6.42396          0.347157
           6.43193          0.347956
           6.43992          0.347488
           6.44793          0.347441
           6.45596          0.346614
           6.46401          0.345893
           6.47208          0.344501
           6.48017          0.342897
           6.48828          0.340962
           6.49641          0.338847
           6.50456          0.337086
           6.51273          0.334514
           6.52092          0.330699
           6.52914          0.327436
           6.53737          0.324157
           6.54563          0.320796
           6.55390          0.318126
           6.56220          0.316210
           6.57051          0.314498
           6.57885          0.313362
           6.58721          0.313205
           6.59559          0.312355
           6.60399          0.311847
           6.61242          0.311032
           6.62086          0.310139
           6.62933          0.309158
           6.63782          0.307837
           6.64633          0.307237
           6.65486          0.306544
           6.66341          0.304621
           6.67199          0.302518
           6.68059          0.300422
           6.68921          0.298635
           6.69785          0.296892
           6.70651          0.294831
           6.71520          0.293079
           6.72391          0.291882
           6.73264          0.290779
           6.74140          0.289765
           6.75018          0.288659
           6.75898          0.287764
           6.76780          0.286781
           6.77665          0.285785
           6.78552          0.284596
           6.79441          0.283190
           6.80333          0.281743
           6.81227          0.280017
           6.82123          0.278253
           6.83022          0.276595
           6.83923          0.275000
           6.84826          0.273049
           6.85732          0.270842
           6.86640          0.268659
           6.87551          0.266783
           6.88464          0.264591
           6.89380          0.262012
           6.90298          0.259279
           6.91218          0.256342
           6.92141          0.253491
           6.93066          0.250491
           6.93994          0.247531
           6.94924          0.244460
           6.95857          0.241300
           6.96792          0.238185
           6.97730          0.235475
           6.98670          0.232770
           6.99613          0.230416
           7.00559          0.228313
           7.01507          0.226650
           7.02457          0.225240
           7.03410          0.224355
           7.04366          0.223458
           7.05325          0.222959
           7.06285          0.222692
           7.07249          0.222296
           7.08215          0.222059
           7.09184          0.222155
           7.10155          0.222460
           7.11130          0.222846
           7.12106          0.223031
           7.13086          0.223282
           7.14068          0.223359
           7.15053          0.223392
           7.16041          0.223284
           7.17031          0.222994
           7.18024          0.222739
           7.19020          0.222406
           7.20019          0.221682
           7.21020          0.220928
           7.22024          0.220022
           7.23031          0.218808
           7.24041          0.217300
           7.25054          0.215579
           7.26069          0.213639
           7.27088          0.211730
           7.28109          0.209655
           7.29133          0.207580
           7.30160          0.205491
           7.31190          0.203601
           7.32222          0.201629
           7.33258          0.199638
           7.34297          0.197769
           7.35338          0.196035
           7.36383          0.194166
           7.37430          0.192375
           7.38481          0.190616
           7.39534          0.188737
           7.40591          0.186782
           7.41650          0.184896
           7.42713          0.182800
           7.43778          0.180645
           7.44847          0.178443
           7.45919          0.176270
           7.46994          0.173970
           7.48071          0.171639
           7.49152          0.169372
           7.50237          0.167210
           7.51324          0.165060
           7.52414          0.162866
           7.53508          0.160505
           7.54605          0.158097
           7.55705          0.155462
           7.56808          0.152710
           7.57915          0.149831
           7.59024          0.147047
           7.60137          0.144231
           7.61253          0.141482
           7.62373          0.138865
           7.63496          0.136500
           7.64622          0.134176
           7.65751          0.131965
           7.66884          0.129658
           7.68020          0.127309
           7.69159          0.124777
           7.70302          0.122184
           7.71449          0.119442
           7.72598          0.116844
           7.73752          0.114242
           7.74908          0.111579
           7.76068          0.108914
           7.77232          0.106363
           7.78399          0.103733
           7.79569          0.101077
           7.80743          0.098430
           7.81921          0.096053
           7.83102          0.093804
           7.84287          0.092019
           7.85475          0.090623
           7.86667          0.089445
           7.87862          0.088326
           7.89062          0.087476
           7.90264          0.086771
           7.91471          0.086363
           7.92681          0.085970
           7.93895          0.085721
           7.95113          0.085574
           7.96334          0.085637
           7.97559          0.085628
           7.98788          0.085618
           8.00021          0.085447
           8.01257          0.085279
           8.02498          0.085002
           8.03742          0.084981
           8.04990          0.085110
           8.06242          0.085438
           8.07498          0.085852
           8.08757          0.086494
           8.10021          0.087284
           8.11289          0.088434
           8.12560          0.089630
           8.13836          0.091019
           8.15116          0.092488
           8.16399          0.094024
           8.17687          0.095355
           8.18979          0.096420
           8.20275          0.097139
           8.21575          0.097755
           8.22879          0.098175
           8.24187          0.098479
           8.25499          0.098608
           8.26816          0.098615
           8.28137          0.098460
           8.29462          0.098367
           8.30791          0.098285
           8.32124          0.098500
           8.33462          0.098706
           8.34804          0.099133
           8.36151          0.099566
           8.37502          0.100034
           8.38857          0.100543
           8.40216          0.101259
           8.41580          0.101833
           8.42949          0.102501
           8.44322          0.103117
           8.45699          0.103695
           8.47081          0.104374
           8.48467          0.104927
           8.49858          0.105117
           8.51254          0.105337
           8.52654          0.105281
           8.54058          0.104761
           8.55468          0.103772
           8.56882          0.102224
           8.58300          0.100067
           8.59724          0.097734
           8.61152          0.095589
           8.62585          0.094814
           8.64023          0.095884
           8.65465          0.098519
           8.66912          0.101301
           8.68364          0.103344
           8.69821          0.104360
           8.71283          0.104791
           8.72750          0.104761
           8.74222          0.104496
           8.75699          0.104075
           8.77180          0.103632
           8.78667          0.103065
           8.80159          0.102302
           8.81656          0.101561
           8.83158          0.101030
           8.84665          0.100255
           8.86177          0.099547
           8.87694          0.098807
           8.89217          0.098133
           8.90745          0.097545
           8.92278          0.097050
           8.93816          0.096395
           8.95360          0.095736
           8.96909          0.095172
           8.98464          0.094746
           9.00023          0.094212
           9.01589          0.093792
           9.03159          0.093296
           9.04736          0.092757
           9.06317          0.092303
           9.07905          0.091776
           9.09497          0.091026
           9.11096          0.090235
           9.12700          0.089340
           9.14310          0.088457
           9.15925          0.087422
           9.17546          0.086316
           9.19173          0.085183
           9.20806          0.084276
           9.22444          0.083405
           9.24088          0.082784
           9.25738          0.082487
           9.27394          0.082419
           9.29056          0.082374
           9.30724          0.082473
           9.32398          0.082770
           9.34078          0.083278
           9.35764          0.083452
           9.37457          0.083768
           9.39155          0.084009
           9.40859          0.084131
           9.42570          0.083894
           9.44287          0.083686
           9.46010          0.083538
           9.47740          0.083398
           9.49475          0.083147
           9.51217          0.082721
           9.52966          0.082128
           9.54721          0.081461
           9.56483          0.080419
           9.58250          0.079362
           9.60025          0.078257
           9.61806          0.077165
           9.63594          0.075760
           9.65388          0.074371
           9.67189          0.073074
           9.68997          0.071757
           9.70812          0.070322
           9.72633          0.069059
           9.74462          0.067991
           9.76297          0.066984
           9.78139          0.065939
           9.79988          0.065075
           9.81844          0.064279
           9.83707          0.063649
           9.85577          0.063054
           9.87454          0.062569
           9.89339          0.062056
           9.91230          0.061508
           9.93129          0.061086
           9.95036          0.060749
           9.96949          0.060278
           9.98870          0.059997
          10.00798          0.059711
          10.02734          0.059435
          10.04677          0.059227
          10.06628          0.058981
          10.08587          0.058833
          10.10553          0.058758
          10.12526          0.058753
          10.14508          0.058789
          10.16497          0.058845
          10.18494          0.058981
          10.20499          0.059093
          10.22512          0.059433
          10.24533          0.059742
          10.26561          0.060199
          10.28598          0.060777
          10.30643          0.061424
          10.32696          0.062077
          10.34757          0.062831
          10.36827          0.063452
          10.38905          0.064295
          10.40991          0.065241
          10.43086          0.066103
          10.45188          0.066904
          10.47300          0.067708
          10.49420          0.068457
          10.51549          0.069216
          10.53686          0.069785
          10.55832          0.070176
          10.57987          0.070361
          10.60150          0.070570
          10.62323          0.070425
          10.64504          0.070031
          10.66694          0.069469
          10.68894          0.068823
          10.71102          0.068125
          10.73320          0.067569
          10.75547          0.067059
          10.77783          0.066558
          10.80028          0.066129
          10.82283          0.065827
          10.84547          0.065494
          10.86821          0.065103
          10.89104          0.064703
          10.91397          0.064475
          10.93699          0.064398
          10.96012          0.064443
          10.98334          0.064564
          11.00666          0.064878
          11.03007          0.065515
          11.05359          0.066672
          11.07721          0.067947
          11.10093          0.069570
          11.12475          0.071514
          11.14868          0.073364
          11.17271          0.074863
          11.19684          0.076289
          11.22107          0.077643
          11.24541          0.078920
          11.26986          0.079871
          11.29441          0.080700
          11.31907          0.081426
          11.34384          0.081995
          11.36872          0.082569
          11.39370          0.083152
          11.41880          0.083698
          11.44401          0.084323
          11.46933          0.084995
          11.49476          0.085712
          11.52030          0.086321
          11.54596          0.086843
          11.57173          0.087262
          11.59762          0.087745
          11.62362          0.088291
          11.64974          0.088530
          11.67598          0.088757
          11.70234          0.088944
          11.72881          0.088614
          11.75541          0.088169
          11.78213          0.087658
          11.80896          0.086534
          11.83592          0.084988
          11.86301          0.083552
          11.89022          0.081887
          11.91755          0.079983
          11.94501          0.077987
          11.97260          0.075936
          12.00031          0.074064
          12.02816          0.072340
          12.05613          0.070916
          12.08423          0.069858
          12.11246          0.069043
          12.14083          0.068588
          12.16933          0.068230
          12.19796          0.068029
          12.22673          0.067876
          12.25564          0.067806
          12.28468          0.067415
          12.31386          0.066647
          12.34318          0.065532
          12.37264          0.064103
          12.40224          0.062058
          12.43198          0.059608
          12.46186          0.057203
          12.49189          0.055809
          12.52207          0.055474
          12.55238          0.056233
          12.58285          0.058056
          12.61347          0.060498
          12.64423          0.062553
          12.67515          0.064225
          12.70621          0.065199
          12.73743          0.065529
          12.76881          0.064984
          12.80033          0.063920
          12.83202          0.063037
          12.86386          0.063119
          12.89586          0.064466
          12.92802          0.066832
          12.96034          0.069488
          12.99282          0.071828
          13.02546          0.073720
          13.05827          0.075004
          13.09125          0.075425
          13.12439          0.075659
          13.15770          0.075549
          13.19118          0.074994
          13.22483          0.074203
          13.25866          0.073455
          13.29265          0.072664
          13.32683          0.072212
          13.36117          0.072008
          13.39570          0.072038
          13.43040          0.072212
          13.46529          0.072476
          13.50035          0.072952
          13.53560          0.073605
          13.57103          0.073903
          13.60665          0.073940
          13.64246          0.073748
          13.67846          0.073399
          13.71464          0.072778
          13.75102          0.072509
          13.78759          0.072469
          13.82436          0.072291
          13.86132          0.071823
          13.89849          0.071322
          13.93585          0.070980
          13.97341          0.070457
          14.01117          0.069612
          14.04915          0.068401
          14.08732          0.067045
          14.12571          0.065951
          14.16430          0.064180
          14.20311          0.062307
          14.24213          0.060269
          14.28136          0.057880
          14.32081          0.054954
          14.36049          0.052235
          14.40038          0.050558
          14.44049          0.050554
          14.48082          0.051917
          14.52139          0.053296
          14.56218          0.054071
          14.60320          0.054552
          14.64445          0.054509
          14.68593          0.054437
          14.72766          0.054296
          14.76962          0.054116
          14.81181          0.053800
          14.85425          0.053348
          14.89694          0.052865
          14.93987          0.052601
          14.98305          0.052050
          15.02648          0.051362
          15.07016          0.050750
          15.11410          0.050415
          15.15829          0.049666
          15.20274          0.048823
          15.24746          0.048064
          15.29243          0.047185
          15.33768          0.046272
          15.38319          0.045476
          15.42897          0.044574
          15.47503          0.043588
          15.52136          0.042948
          15.56797          0.042461
          15.61487          0.041925
          15.66204          0.041564
          15.70950          0.040974
          15.75725          0.040339
          15.80529          0.039770
          15.85362          0.039395
          15.90226          0.039152
          15.95119          0.038702
          16.00042          0.038206
          16.04995          0.038006
          16.09980          0.037718
          16.14995          0.037700
          16.20042          0.037960
          16.25121          0.038468
          16.30231          0.038993
          16.35374          0.039585
          16.40549          0.040459
          16.45757          0.041391
          16.50998          0.042459
          16.56273          0.044021
          16.61582          0.045314
          16.66924          0.046584
          16.72302          0.048228
          16.77714          0.049802
          16.83161          0.051401
          16.88643          0.053060
          16.94162          0.054999
          16.99716          0.056880
          17.05308          0.058817
          17.10936          0.061288
          17.16601          0.063590
          17.22304          0.065974
          17.28045          0.068038
          17.33824          0.069884
          17.39643          0.071406
          17.45500          0.073184
          17.51397          0.074905
          17.57334          0.076481
          17.63311          0.078149
          17.69329          0.079512
          17.75389          0.080599
          17.81490          0.081859
          17.87633          0.082883
          17.93818          0.083557
          18.00047          0.084232
          18.06319          0.084986
          18.12635          0.086023
          18.18995          0.087148
          18.25400          0.088115
          18.31850          0.089068
          18.38346          0.089926
          18.44888          0.090703
          18.51477          0.091172
          18.58113          0.091298
          18.64797          0.090511
          18.71529          0.089764
          18.78310          0.088480
          18.85140          0.086988
          18.92020          0.085546
          18.98951          0.084457
          19.05932          0.083442
          19.12965          0.082007
          19.20050          0.080109
          19.27188          0.078683
          19.34379          0.077564
          19.41624          0.076055
          19.48923          0.074701
          19.56277          0.073802
          19.63688          0.072614
          19.71154          0.071917
          19.78678          0.071650
          19.86259          0.071570
          19.93898          0.071888
          20.01596          0.072347
          20.09355          0.072725
          20.17173          0.074078
          20.25053          0.075826
          20.32994          0.077697
          20.40998          0.079355
          20.49065          0.081196
          20.57196          0.083032
          20.65392          0.084960
          20.73654          0.087159
          20.81982          0.089359
          20.90377          0.090169
          20.98840          0.090530
          21.07372          0.090361
          21.15973          0.090050
          21.24646          0.088909
          21.33389          0.087237
          21.42204          0.086668
          21.51093          0.086033
          21.60056          0.084700
          21.69094          0.083562
          21.78208          0.082590
          21.87399          0.081805
          21.96667          0.081939
          22.06015          0.082100
          22.15442          0.081187
          22.24951          0.080725
          22.34541          0.080248
          22.44214          0.079779
          22.53972          0.079063
          22.63814          0.079011
          22.73743          0.078981
          22.83760          0.078388
          22.93865          0.077561
          23.04060          0.076322
          23.14346          0.075826
          23.24724          0.077032
          23.35196          0.077756
          23.45763          0.077378
          23.56425          0.077208
          23.67185          0.077533
          23.78044          0.076847
          23.89002          0.078685
          24.00063          0.078777
          24.11226          0.077788
          24.22493          0.077959
          24.33866          0.077966
          24.45347          0.078765
          24.56936          0.079920
          24.68636          0.081039
          24.80447          0.081716
          24.92373          0.080941
          25.04413          0.081175
          25.16571          0.080805
          25.28846          0.081276
          25.41243          0.083063
          25.53761          0.085883
          25.66404          0.086993
          25.79172          0.089148
          25.92068          0.092486