           0.30000          0.043820
           0.30500          0.043305
           0.31000          0.039598
           0.31500          0.034511
           0.32000          0.035248
           0.32500          0.034811
           0.33000          0.033618
           0.33500          0.033205
           0.34000          0.032131
           0.34500          0.031229
           0.35000          0.030611
           0.35500          0.031063
           0.36000          0.031565
           0.36500          0.032206
           0.37000          0.032379
           0.37500          0.032926
           0.38000          0.033883
           0.38500          0.034566
           0.39000          0.036062
           0.39500          0.038150
           0.40000          0.042164
           0.40500          0.044413
           0.41000          0.046556
           0.41500          0.048202
           0.42000          0.049434
           0.42500          0.050545
           0.43000          0.051498
           0.43500          0.054088
           0.44000          0.059564
           0.44500          0.065575
           0.45000          0.070909
           0.45500          0.074790
           0.46000          0.077432
           0.46500          0.079952
           0.47000          0.082242
           0.47500          0.084754
           0.48000          0.087809
           0.48500          0.091562
           0.49000          0.096482
           0.49500          0.102757
           0.50000          0.110403
           0.50500          0.119639
           0.51000          0.130509
           0.51500          0.143782
           0.52000          0.159674
           0.52500          0.179553
           0.53000          0.202528
           0.53500          0.230616
           0.54000          0.261078
           0.54500          0.294655
           0.55000          0.329195
           0.55500          0.363727
           0.56000          0.393742
           0.56500          0.420509
           0.57000          0.441634
           0.57500          0.457064
           0.58000          0.466267
           0.58500          0.471388
           0.59000          0.473883
           0.59500          0.472970
           0.60000          0.470204
           0.60500          0.469939
           0.61000          0.466996
           0.61500          0.464972
           0.62000          0.462501
           0.62500          0.462045
           0.63000          0.459989
           0.63500          0.460278
           0.64000          0.460620
           0.64500          0.462263
           0.65000          0.462934
           0.65500          0.466781
           0.66000          0.469394
           0.66500          0.474419
           0.67000          0.478982
           0.67500          0.485628
           0.68000          0.492203
           0.68500          0.499908
           0.69000          0.507081
           0.69500          0.516618
           0.70000          0.524481
           0.70500          0.533702
           0.71000          0.542048
           0.71500          0.551307
           0.72000          0.559514
           0.72500          0.565862
           0.73000          0.571059
           0.73500          0.577781
           0.74000          0.579888
           0.74500          0.582068
           0.75000          0.583631
           0.75500          0.581386
           0.76000          0.579208
           0.76500          0.574051
           0.77000          0.568671
           0.77500          0.562633
           0.78000          0.553493
           0.78500          0.544965
           0.79000          0.535658
           0.79500          0.526814
           0.80000          0.517168
           0.80500          0.508609
           0.81000          0.497812
           0.81500          0.490630
           0.82000          0.481593
           0.82500          0.472802
           0.83000          0.465626
           0.83500          0.458104
           0.84000          0.452362
           0.84500          0.444037
           0.85000          0.438406
           0.85500          0.432236
           0.86000          0.429974
           0.86500          0.424505
           0.87000          0.419138
           0.87500          0.417381
           0.88000          0.412586
           0.88500          0.409301
           0.89000          0.409160
           0.89500          0.411038
           0.90000          0.405934
           0.90500          0.404851
           0.91000          0.403526
           0.91500          0.404445
           0.92000          0.403897
           0.92500          0.405368
           0.93000          0.406646
           0.93500          0.406656
           0.94000          0.410715
           0.94500          0.411437
           0.95000          0.413812
           0.95500          0.414906
           0.96000          0.417969
           0.96500          0.420387
           0.97000          0.422987
           0.97500          0.428851
           0.98000          0.433489
           0.98500          0.435569
           0.99000          0.441202
           0.99500          0.445439
           1.00000          0.449856
           1.00500          0.454969
           1.01000          0.460796
           1.01500          0.466328
           1.02000          0.472057
           1.02500          0.477865
           1.03000          0.484652
           1.03500          0.491647
           1.04000          0.498420
           1.04500          0.505350
           1.05000          0.513526
           1.05500          0.518597
           1.06000          0.526707
           1.06500          0.534321
           1.07000          0.541444
           1.07500          0.547188
           1.08000          0.555804
           1.08500          0.563408
           1.09000          0.568868
           1.09500          0.577031
           1.10000          0.582266
           1.10500          0.590922
           1.11000          0.597255
           1.11500          0.603822
           1.12000          0.609567
           1.12500          0.617188
           1.13000          0.624330
           1.13500          0.629614
           1.14000          0.635207
           1.14500          0.641190
           1.15000          0.648088
           1.15500          0.653591
           1.16000          0.658541
           1.16500          0.662460
           1.17000          0.669636
           1.17500          0.672864
           1.18000          0.678514
           1.18500          0.683658
           1.19000          0.688080
           1.19500          0.694303
           1.20000          0.699241
           1.20500          0.704673
           1.21000          0.709112
           1.21500          0.716245
           1.22000          0.719562
           1.22500          0.724163
           1.23000          0.728396
           1.23500          0.732610
           1.24000          0.736951
           1.24500          0.742141
           1.25000          0.745525
           1.25500          0.751476
           1.26000          0.753562
           1.26500          0.759140
           1.27000          0.763012
           1.27500          0.767771
           1.28000          0.771688
           1.28500          0.776797
           1.29000          0.778540
           1.29500          0.784441
           1.30000          0.787144
           1.30500          0.792837
           1.31000          0.796202
           1.31500          0.801012
           1.32000          0.803263
           1.32500          0.807285
           1.33000          0.812463
           1.33500          0.816147
           1.34000          0.819441
           1.34500          0.822728
           1.35000          0.824497
           1.35500          0.826905
           1.36000          0.830906
           1.36500          0.835862
           1.37000          0.838316
           1.37500          0.843445
           1.38000          0.841637
           1.38500          0.851540
           1.39000          0.853027
           1.39500          0.853301
           1.40000          0.853815
           1.40500          0.856716
           1.41000          0.862846
           1.41500          0.862877
           1.42000          0.863057
           1.42500          0.865274
           1.43000          0.864968
           1.43500          0.866602
           1.44000          0.865482
           1.44500          0.863536
           1.45000          0.861608
           1.45500          0.854397
           1.46000          0.842581
           1.46500          0.824093
           1.47000          0.804603
           1.47500          0.783293
           1.48000          0.772560
           1.48500          0.791423
           1.49000          0.829119
           1.49500          0.843309
           1.50000          0.846484
           1.50500          0.848243
           1.51000          0.849977
           1.51500          0.850119
           1.52000          0.846396
           1.52500          0.845229
           1.53000          0.844154
           1.53500          0.842736
           1.54000          0.840990
           1.54500          0.841983
           1.55000          0.842296
           1.55500          0.842704
           1.56000          0.845291
           1.56500          0.850531
           1.57000          0.851435
           1.57500          0.856856
           1.58000          0.857586
           1.58500          0.860770
           1.59000          0.862173
           1.59500          0.866681
           1.60000          0.867735
           1.60500          0.869902
           1.61000          0.871584
           1.61500          0.872889
           1.62000          0.874262
           1.62500          0.875257
           1.63000          0.876329
           1.63500          0.875534
           1.64000          0.877997
           1.64500          0.880195
           1.65000          0.878030
           1.65500          0.879217
           1.66000          0.878652
           1.66500          0.875104
           1.67000          0.875394
           1.67500          0.875466
           1.68000          0.875949
           1.68500          0.878421
           1.69000          0.877608
           1.69500          0.878320
           1.70000          0.879434
           1.70500          0.880542
           1.71000          0.881632
           1.71500          0.880842
           1.72000          0.880782
           1.72500          0.880468
           1.73000          0.879153
           1.73500          0.878803
           1.74000          0.876820
           1.74500          0.876641
           1.75000          0.876084
           1.75500          0.874345
           1.76000          0.872553
           1.76500          0.871900
           1.77000          0.870450
           1.77500          0.869625
           1.78000          0.869100
           1.78500          0.868637
           1.79000          0.867845
           1.79500          0.866772
           1.80000          0.866381
           1.80500          0.863305
           1.81000          0.859854
           1.81500          0.854445
           1.82000          0.849186
           1.82500          0.842533
           1.83000          0.829783
           1.83500          0.812963
           1.84000          0.783181
           1.84500          0.758988
           1.85000          0.756565
           1.85500          0.768540
           1.86000          0.773296
           1.86500          0.785032
           1.87000          0.804664
           1.87500          0.822232
           1.88000          0.841085
           1.88500          0.851553
           1.89000          0.856989
           1.89500          0.857557
           1.90000          0.859631
           1.90500          0.854185
           1.91000          0.851484
           1.91500          0.847227
           1.92000          0.846719
           1.92500          0.839988
           1.93000          0.839097
           1.93500          0.835281
           1.94000          0.832264
           1.94500          0.831568
           1.95000          0.829629
           1.95500          0.832029
           1.96000          0.831638
           1.96500          0.832040
           1.97000          0.831419
           1.97500          0.832991
           1.98000          0.832192
           1.98500          0.831702
           1.99000          0.831929
           1.99500          0.831620
           2.00000          0.829285
           2.00500          0.828591
           2.01000          0.829572
           2.01500          0.828841
           2.02000          0.826623
           2.02500          0.824937
           2.03000          0.823957
           2.03500          0.818830
           2.04000          0.817458
           2.04500          0.812294
           2.05000          0.810842
           2.05500          0.809221
           2.06000          0.807584
           2.06500          0.803470
           2.07000          0.801924
           2.07500          0.799544
           2.08000          0.798418
           2.08500          0.797385
           2.09000          0.797024
           2.09500          0.795290
           2.10000          0.795807
           2.10500          0.791342
           2.11000          0.789635
           2.11500          0.785431
           2.12000          0.781682
           2.12500          0.779559
           2.13000          0.774916
           2.13500          0.771375
           2.14000          0.767265
           2.14500          0.764319
           2.15000          0.760166
           2.15500          0.757505
           2.16000          0.752864
           2.16500          0.752338
           2.17000          0.748588
           2.17500          0.745360
           2.18000          0.741935
           2.18500          0.736994
           2.19000          0.731802
           2.19500          0.725316
           2.20000          0.718532
           2.20500          0.713278
           2.21000          0.704844
           2.21500          0.695551
           2.22000          0.687705
           2.22500          0.678545
           2.23000          0.673282
           2.23500          0.669717
           2.24000          0.667225
           2.24500          0.665368
           2.25000          0.654893
           2.25500          0.636108
           2.26000          0.609335
           2.26500          0.588637
           2.27000          0.583142
           2.27500          0.589737
           2.28000          0.601819
           2.28500          0.629079
           2.29000          0.658525
           2.29500          0.684216
           2.30000          0.693585
           2.30500          0.692804
           2.31000          0.697666
           2.31500          0.719157
           2.32000          0.738623
           2.32500          0.747350
           2.33000          0.753301
           2.33500          0.755535
           2.34000          0.756633
           2.34500          0.755980
           2.35000          0.754752
           2.35500          0.749920
           2.36000          0.743666
           2.36500          0.735894
           2.37000          0.724480
           2.37500          0.714540
           2.38000          0.701515
           2.38500          0.686071
           2.39000          0.667422
           2.39500          0.647278
           2.40000          0.626851
           2.40500          0.612069
           2.41000          0.602095
           2.41500          0.595052
           2.42000          0.596760
           2.42500          0.598853
           2.43000          0.603437
           2.43500          0.603503
           2.44000          0.601699
           2.44500          0.594720
           2.45000          0.582927
           2.45500          0.567082
           2.46000          0.554107
           2.46500          0.549549
           2.47000          0.550769
           2.47500          0.559699
           2.48000          0.565170
           2.48500          0.568114
           2.49000          0.568325
           2.49500          0.564244
           2.50000          0.555826
           2.50500          0.537630
           2.51000          0.514032
           2.51500          0.491743
           2.52000          0.485289
           2.52500          0.498229
           2.52638          0.500099
           2.52761          0.501459
           2.52885          0.503940
           2.53008          0.505830
           2.53132          0.506302
           2.53255          0.506405
           2.53379          0.507634
           2.53503          0.508644
           2.53627          0.508326
           2.53751          0.509786
           2.53875          0.510760
           2.54000          0.511207
           2.54124          0.512187
           2.54249          0.512019
           2.54374          0.511952
           2.54499          0.513463
           2.54624          0.514604
           2.54749          0.514286
           2.54874          0.513753
           2.54999          0.514367
           2.55125          0.515467
           2.55250          0.514532
           2.55376          0.514133
           2.55502          0.515757
           2.55628          0.515126
           2.55754          0.514560
           2.55880          0.514186
           2.56007          0.512753
           2.56133          0.511249
           2.56260          0.510861
           2.56386          0.511963
           2.56513          0.512212
           2.56640          0.511609
           2.56767          0.510344
           2.56895          0.508063
           2.57022          0.506065
           2.57150          0.506065
           2.57277          0.504125
           2.57405          0.501674
           2.57533          0.500490
           2.57661          0.497157
           2.57789          0.494814
           2.57917          0.493737
           2.58046          0.490822
           2.58174          0.488581
           2.58303          0.486825
           2.58431          0.483492
           2.58560          0.483154
           2.58689          0.479572
           2.58819          0.475463
           2.58948          0.474701
           2.59077          0.473112
           2.59207          0.469318
           2.59336          0.465248
           2.59466          0.460983
           2.59596          0.460687
           2.59726          0.460544
           2.59856          0.457538
           2.59987          0.453850
           2.60117          0.449157
           2.60248          0.446201
           2.60378          0.442798
           2.60509          0.439278
           2.60640          0.437036
           2.60771          0.436743
           2.60903          0.434099
           2.61034          0.431377
           2.61166          0.430696
           2.61297          0.429281
           2.61429          0.428092
           2.61561          0.427653
           2.61693          0.425755
           2.61825          0.428198
           2.61957          0.428120
           2.62090          0.426252
           2.62222          0.428122
           2.62355          0.427983
           2.62488          0.427081
           2.62621          0.426023
           2.62754          0.427329
           2.62887          0.430143
           2.63021          0.428312
           2.63154          0.431252
           2.63288          0.434702
           2.63421          0.435559
           2.63555          0.438359
           2.63689          0.440269
           2.63824          0.442173
           2.63958          0.445567
           2.64092          0.448244
           2.64227          0.450346
           2.64362          0.454048
           2.64497          0.457619
           2.64632          0.459372
           2.64767          0.461510
           2.64902          0.463406
           2.65038          0.464531
           2.65173          0.465893
           2.65309          0.468710
           2.65445          0.471996
           2.65581          0.472911
           2.65717          0.475186
           2.65853          0.476898
           2.65989          0.477579
           2.66126          0.479315
           2.66263          0.480828
           2.66400          0.480714
           2.66536          0.481049
           2.66674          0.483159
           2.66811          0.485892
           2.66948          0.487380
           2.67086          0.484756
           2.67223          0.490820
           2.67361          0.492841
           2.67499          0.492860
           2.67637          0.493017
           2.67776          0.495272
           2.67914          0.496978
           2.68052          0.497497
           2.68191          0.498335
           2.68330          0.497768
           2.68469          0.500211
           2.68608          0.502910
           2.68747          0.504934
           2.68887          0.507723
           2.69026          0.509928
           2.69166          0.512287
           2.69306          0.512765
           2.69446          0.514253
           2.69586          0.518055
           2.69726          0.519548
           2.69866          0.519906
           2.70007          0.518820
           2.70148          0.518164
           2.70289          0.518005
           2.70430          0.517416
           2.70571          0.515629
           2.70712          0.513292
           2.70853          0.510741
           2.70995          0.509010
           2.71137          0.506961
           2.71279          0.506193
           2.71421          0.503519
           2.71563          0.499320
           2.71705          0.495758
           2.71848          0.492634
           2.71990          0.488508
           2.72133          0.484717
           2.72276          0.483765
           2.72419          0.478665
           2.72562          0.475226
           2.72706          0.473972
           2.72849          0.470670
           2.72993          0.466248
           2.73137          0.462281
           2.73281          0.458543
           2.73425          0.454553
           2.73569          0.451016
           2.73714          0.448337
           2.73858          0.443702
           2.74003          0.438130
           2.74148          0.435009
           2.74293          0.432969
           2.74438          0.429864
           2.74583          0.424862
           2.74729          0.419943
           2.74875          0.414572
           2.75020          0.409471
           2.75166          0.404843
           2.75313          0.400117
           2.75459          0.394221
           2.75605          0.389162
           2.75752          0.386493
           2.75899          0.380715
           2.76046          0.374174
           2.76193          0.367890
           2.76340          0.361385
           2.76487          0.355381
           2.76635          0.348820
           2.76782          0.342221
           2.76930          0.336928
           2.77078          0.331133
           2.77226          0.324293
           2.77375          0.318584
           2.77523          0.313062
           2.77672          0.307445
           2.77821          0.302499
           2.77970          0.296765
           2.78119          0.291955
           2.78268          0.287028
           2.78418          0.281134
           2.78567          0.275392
           2.78717          0.269867
           2.78867          0.265317
           2.79017          0.261504
           2.79167          0.258087
           2.79318          0.255016
           2.79468          0.252981
           2.79619          0.250859
           2.79770          0.248093
           2.79921          0.246002
           2.80072          0.244475
           2.80224          0.243366
           2.80375          0.242225
           2.80527          0.240315
           2.80679          0.238319
           2.80831          0.236443
           2.80983          0.235086
           2.81135          0.233057
           2.81288          0.230667
           2.81441          0.227811
           2.81593          0.224506
           2.81746          0.221550
           2.81900          0.217820
           2.82053          0.213956
           2.82207          0.210685
           2.82360          0.207349
           2.82514          0.203105
           2.82668          0.198446
           2.82822          0.194027
           2.82977          0.189851
           2.83131          0.185208
           2.83286          0.180010
           2.83441          0.175669
           2.83596          0.170935
           2.83751          0.165362
           2.83907          0.160586
           2.84062          0.157429
           2.84218          0.153998
           2.84374          0.150335
           2.84530          0.147150
           2.84686          0.144244
           2.84843          0.141896
           2.84999          0.139638
           2.85156          0.136988
           2.85313          0.134537
           2.85470          0.132226
           2.85627          0.130196
           2.85785          0.127681
           2.85942          0.125213
           2.86100          0.123223
           2.86258          0.120828
           2.86416          0.118153
           2.86575          0.115909
           2.86733          0.113393
           2.86892          0.110454
           2.87051          0.107832
           2.87210          0.104946
           2.87369          0.101470
           2.87528          0.098693
           2.87688          0.096842
           2.87848          0.094036
           2.88007          0.090991
           2.88168          0.088498
           2.88328          0.086630
           2.88488          0.084265
           2.88649          0.081117
           2.88810          0.078464
           2.88971          0.076608
           2.89132          0.074665
           2.89293          0.072876
           2.89455          0.071354
           2.89616          0.068853
           2.89778          0.067379
           2.89940          0.066821
           2.90103          0.065615
           2.90265          0.064400
           2.90428          0.063141
           2.90591          0.061743
           2.90754          0.060553
           2.90917          0.059501
           2.91080          0.057885
           2.91244          0.056441
           2.91407          0.055824
           2.91571          0.055534
           2.91735          0.054593
           2.91899          0.053932
           2.92064          0.052963
           2.92229          0.052028
           2.92393          0.051067
           2.92558          0.050378
           2.92724          0.049370
           2.92889          0.048460
           2.93055          0.047826
           2.93220          0.046883
           2.93386          0.045666
           2.93552          0.045054
           2.93719          0.044876
           2.93885          0.044312
           2.94052          0.043388
           2.94219          0.042399
           2.94386          0.040984
           2.94553          0.040241
           2.94721          0.039700
           2.94888          0.039284
           2.95056          0.039259
           2.95224          0.038675
           2.95392          0.038050
           2.95561          0.038268
           2.95729          0.038427
           2.95898          0.038566
           2.96067          0.039035
           2.96236          0.039809
           2.96406          0.040278
           2.96575          0.040744
           2.96745          0.041098
           2.96915          0.041838
           2.97085          0.042553
           2.97255          0.043843
           2.97426          0.044571
           2.97597          0.045626
           2.97768          0.046763
           2.97939          0.047625
           2.98110          0.047985
           2.98282          0.048446
           2.98453          0.049197
           2.98625          0.050219
           2.98797          0.050679
           2.98970          0.051115
           2.99142          0.051846
           2.99315          0.053273
           2.99488          0.054364
           2.99661          0.055439
           2.99834          0.056145
           3.00008          0.056452
           3.00182          0.056988
           3.00355          0.057569
           3.00530          0.057871
           3.00704          0.058192
           3.00878          0.058292
           3.01053          0.058859
           3.01228          0.059010
           3.01403          0.059093
           3.01579          0.059269
           3.01754          0.059568
           3.01930          0.060023
           3.02106          0.060020
           3.02282          0.059682
           3.02458          0.059557
           3.02635          0.059649
           3.02812          0.059903
           3.02989          0.060118
           3.03166          0.060076
           3.03343          0.060241
           3.03521          0.060601
           3.03699          0.061022
           3.03877          0.061226
           3.04055          0.061173
           3.04233          0.061698
           3.04412          0.062209
           3.04591          0.062650
           3.04770          0.063320
           3.04949          0.064291
           3.05129          0.064610
           3.05308          0.065294
           3.05488          0.065888
           3.05668          0.066631
           3.05849          0.067443
           3.06029          0.068320
           3.06210          0.068465
           3.06391          0.068604
           3.06572          0.069118
           3.06754          0.070126
           3.06935          0.071488
           3.07117          0.072342
           3.07299          0.073015
           3.07481          0.073942
           3.07664          0.074754
           3.07847          0.075793
           3.08029          0.076454
           3.08213          0.076960
           3.08396          0.078071
           3.08579          0.078551
           3.08763          0.079062
           3.08947          0.080112
           3.09131          0.080539
           3.09316          0.080558
           3.09501          0.080910
           3.09685          0.081440
           3.09871          0.081558
           3.10056          0.081613
           3.10241          0.081440
           3.10427          0.081753
           3.10613          0.082222
           3.10799          0.082426
           3.10986          0.082705
           3.11173          0.083146
           3.11359          0.083587
           3.11547          0.083813
           3.11734          0.083604
           3.11921          0.083704
           3.12109          0.083755
           3.12297          0.083897
           3.12486          0.084321
           3.12674          0.084788
           3.12863          0.084846
           3.13052          0.085134
           3.13241          0.085525
           3.13430          0.086633
           3.13620          0.087668
           3.13810          0.088263
           3.14000          0.088715
           3.14190          0.089184
           3.14381          0.089840
           3.14571          0.090628
           3.14762          0.091094
           3.14954          0.091501
           3.15145          0.091889
           3.15337          0.092462
           3.15529          0.092880
           3.15721          0.093090
           3.15913          0.093213
           3.16106          0.093165
           3.16299          0.092936
           3.16492          0.092847
           3.16685          0.092615
           3.16879          0.092869
           3.17072          0.093068
           3.17267          0.092802
           3.17461          0.092470
           3.17655          0.092693
           3.17850          0.092836
           3.18045          0.092900
           3.18240          0.092585
           3.18436          0.092504
           3.18632          0.092746
           3.18827          0.093065
           3.19024          0.093140
           3.19220          0.093983
           3.19417          0.095186
           3.19614          0.096099
           3.19811          0.096926
           3.20008          0.097523
           3.20206          0.098486
           3.20404          0.099952
           3.20602          0.101152
           3.20800          0.102344
           3.20999          0.103628
           3.21198          0.105111
           3.21397          0.106506
           3.21596          0.108014
           3.21796          0.109605
           3.21996          0.111143
           3.22196          0.113044
           3.22396          0.115029
           3.22597          0.116660
           3.22798          0.118678
           3.22999          0.120998
           3.23200          0.123379
           3.23402          0.125328
           3.23604          0.127271
           3.23806          0.129183
           3.24008          0.131279
           3.24211          0.133596
           3.24414          0.135793
           3.24617          0.137809
           3.24820          0.140067
           3.25024          0.142139
           3.25228          0.143920
           3.25432          0.146025
           3.25637          0.148378
           3.25841          0.150826
           3.26046          0.152926
           3.26251          0.155190
           3.26457          0.157510
           3.26663          0.159464
           3.26869          0.161446
           3.27075          0.164042
           3.27281          0.166510
           3.27488          0.168500
           3.27695          0.170614
           3.27902          0.172911
           3.28110          0.175722
           3.28318          0.178229
           3.28526          0.180739
           3.28734          0.183195
           3.28943          0.185928
           3.29151          0.188720
           3.29361          0.191375
           3.29570          0.193862
           3.29780          0.196687
           3.29990          0.199627
           3.30200          0.202874
           3.30410          0.205629
           3.30621          0.208532
           3.30832          0.211142
           3.31043          0.213462
           3.31255          0.216179
           3.31466          0.218884
           3.31679          0.221435
           3.31891          0.224171
           3.32103          0.226619
           3.32316          0.228867
           3.32529          0.230902
           3.32743          0.233168
           3.32957          0.235466
           3.33171          0.237493
           3.33385          0.239045
           3.33599          0.240577
           3.33814          0.242599
           3.34029          0.244865
           3.34245          0.246716
           3.34460          0.248444
           3.34676          0.250438
           3.34892          0.252459
           3.35109          0.254181
           3.35326          0.256158
           3.35543          0.258148
           3.35760          0.259854
           3.35978          0.261825
           3.36196          0.263731
           3.36414          0.265468
           3.36632          0.267377
           3.36851          0.268982
           3.37070          0.270772
           3.37289          0.272399
           3.37509          0.273737
           3.37729          0.275671
           3.37949          0.278058
           3.38169          0.279836
           3.38390          0.281358
           3.38611          0.282603
           3.38832          0.283957
           3.39054          0.285327
           3.39276          0.286679
           3.39498          0.288284
           3.39721          0.289384
           3.39943          0.290288
           3.40166          0.291561
           3.40390          0.292558
           3.40613          0.293507
           3.40837          0.294797
           3.41061          0.296092
           3.41286          0.297049
           3.41511          0.298068
           3.41736          0.298856
           3.41961          0.299813
           3.42187          0.301254
           3.42413          0.302549
           3.42639          0.303663
           3.42866          0.305123
           3.43093          0.306387
           3.43320          0.307767
           3.43548          0.309062
           3.43776          0.310139
           3.44004          0.311373
           3.44232          0.312465
           3.44461          0.313643
           3.44690          0.315011
           3.44919          0.315832
           3.45149          0.316853
           3.45379          0.318319
           3.45609          0.319447
           3.45840          0.320415
           3.46070          0.321434
           3.46302          0.322788
           3.46533          0.324212
           3.46765          0.325399
           3.46997          0.326451
           3.47229          0.327579
           3.47462          0.328564
           3.47695          0.329631
           3.47929          0.331322
           3.48162          0.332861
           3.48396          0.334173
           3.48630          0.335035
           3.48865          0.336384
           3.49100          0.337771
           3.49335          0.338762
           3.49571          0.339491
           3.49807          0.340588
           3.50043          0.341866
           3.50279          0.343017
           3.50516          0.344195
           3.50753          0.345602
           3.50991          0.347073
           3.51229          0.348242
           3.51467          0.348907
           3.51705          0.349532
           3.51944          0.350643
           3.52183          0.351799
           3.52423          0.352466
           3.52662          0.352899
           3.52902          0.353410
           3.53143          0.354261
           3.53383          0.355191
           3.53624          0.356126
           3.53866          0.356966
           3.54108          0.357902
           3.54350          0.358775
           3.54592          0.359378
           3.54835          0.360085
           3.55078          0.361218
           3.55321          0.361891
           3.55565          0.362555
           3.55809          0.363418
           3.56053          0.364437
           3.56298          0.365523
           3.56543          0.366480
           3.56788          0.367131
           3.57034          0.368010
           3.57280          0.368736
           3.57527          0.369582
           3.57773          0.370751
           3.58020          0.371617
           3.58268          0.372237
           3.58516          0.373258
           3.58764          0.374364
           3.59012          0.375243
           3.59261          0.376471
           3.59510          0.377669
           3.59760          0.378735
           3.60009          0.380109
           3.60260          0.381220
           3.60510          0.382256
           3.60761          0.383026
           3.61012          0.384081
           3.61264          0.385472
           3.61516          0.386879
           3.61768          0.388107
           3.62021          0.389140
           3.62274          0.390148
           3.62527          0.391390
           3.62781          0.392535
           3.63035          0.393986
           3.63289          0.394946
           3.63544          0.395845
           3.63799          0.397171
           3.64054          0.398271
           3.64310          0.399642
           3.64566          0.401060
           3.64823          0.401881
           3.65080          0.403112
           3.65337          0.404608
           3.65595          0.405904
           3.65853          0.407280
           3.66111          0.408810
           3.66370          0.409767
           3.66629          0.410937
           3.66889          0.412592
           3.67148          0.414267
           3.67409          0.415739
           3.67669          0.417402
           3.67930          0.419116
           3.68191          0.420459
           3.68453          0.421841
           3.68715          0.423611
           3.68978          0.425398
           3.69240          0.426648
           3.69504          0.427835
           3.69767          0.429292
           3.70031          0.430699
           3.70295          0.432346
           3.70560          0.433840
           3.70825          0.435062
           3.71091          0.436603
           3.71356          0.438111
           3.71623          0.439303
           3.71889          0.440447
           3.72156          0.441807
           3.72423          0.443412
           3.72691          0.444590
           3.72959          0.445539
           3.73228          0.446809
           3.73497          0.448314
           3.73766          0.449484
           3.74036          0.450589
           3.74306          0.451645
           3.74576          0.453012
           3.74847          0.454040
           3.75118          0.455165
           3.75390          0.456282
           3.75662          0.457303
           3.75934          0.458414
           3.76207          0.459439
           3.76480          0.460740
           3.76754          0.462046
           3.77028          0.463227
           3.77302          0.464377
           3.77577          0.465402
           3.77852          0.466384
           3.78128          0.467169
           3.78404          0.468079
           3.78680          0.469330
           3.78957          0.470622
           3.79234          0.471613
           3.79512          0.472353
           3.79790          0.473291
           3.80069          0.474405
           3.80347          0.475326
           3.80627          0.476563
           3.80906          0.477646
           3.81186          0.478305
           3.81467          0.479123
           3.81748          0.479874
           3.82029          0.481032
           3.82311          0.482099
           3.82593          0.482891
           3.82876          0.483916
           3.83159          0.484731
           3.83442          0.485256
           3.83726          0.485962
           3.84010          0.486749
           3.84295          0.487626
           3.84580          0.488360
           3.84865          0.489061
           3.85151          0.490007
           3.85438          0.490951
           3.85724          0.491668
           3.86012          0.492372
           3.86299          0.493220
           3.86587          0.493971
           3.86876          0.494641
           3.87165          0.495278
           3.87454          0.496294
           3.87744          0.497218
           3.88034          0.497994
           3.88325          0.499052
           3.88616          0.499677
           3.88907          0.500180
           3.89199          0.501230
           3.89492          0.502251
           3.89785          0.503097
           3.90078          0.503692
           3.90372          0.504381
           3.90666          0.505364
           3.90960          0.506405
           3.91255          0.507363
           3.91551          0.507807
           3.91847          0.508527
           3.92143          0.509482
           3.92440          0.510316
           3.92738          0.511106
           3.93035          0.511615
           3.93333          0.512153
           3.93632          0.512963
           3.93931          0.513772
           3.94231          0.514334
           3.94531          0.514833
           3.94831          0.515408
           3.95132          0.515875
           3.95434          0.516508
           3.95735          0.517075
           3.96038          0.517502
           3.96341          0.517748
           3.96644          0.517748
           3.96948          0.517868
           3.97252          0.517932
           3.97556          0.517932
           3.97861          0.517926
           3.98167          0.517823
           3.98473          0.517424
           3.98780          0.516715
           3.99087          0.515406
           3.99394          0.513510
           3.99702          0.511045
           4.00010          0.509032
           4.00319          0.508200
           4.00629          0.509443
           4.00939          0.512628
           4.01249          0.515972
           4.01560          0.519004
           4.01871          0.521422
           4.02183          0.522951
           4.02495          0.523951
           4.02808          0.524744
           4.03121          0.525299
           4.03435          0.525559
           4.03749          0.525802
           4.04064          0.526201
           4.04379          0.526600
           4.04694          0.526854
           4.05011          0.527036
           4.05327          0.527197
           4.05644          0.527262
           4.05962          0.527329
           4.06280          0.527309
           4.06599          0.527443
           4.06918          0.527535
           4.07238          0.527820
           4.07558          0.527784
           4.07878          0.527560
           4.08200          0.527664
           4.08521          0.527728
           4.08843          0.528161
           4.09166          0.528551
           4.09489          0.528898
           4.09813          0.529288
           4.10137          0.529771
           4.10462          0.530182
           4.10787          0.530687
           4.11113          0.531150
           4.11439          0.531438
           4.11766          0.531818
           4.12093          0.532225
           4.12421          0.532661
           4.12750          0.533068
           4.13079          0.533124
           4.13408          0.533294
           4.13738          0.533562
           4.14068          0.533691
           4.14399          0.533777
           4.14731          0.533867
           4.15063          0.533892
           4.15395          0.533671
           4.15729          0.533213
           4.16062          0.533026
           4.16396          0.532895
           4.16731          0.532337
           4.17066          0.531767
           4.17402          0.531446
           4.17739          0.531150
           4.18075          0.530419
           4.18413          0.529470
           4.18751          0.528875
           4.19089          0.528191
           4.19428          0.527435
           4.19768          0.526567
           4.20108          0.525648
           4.20449          0.524654
           4.20790          0.523596
           4.21132          0.522463
           4.21474          0.521271
           4.21817          0.520079
           4.22161          0.518647
           4.22505          0.517131
           4.22850          0.515715
           4.23195          0.514345
           4.23540          0.512893
           4.23887          0.511383
           4.24234          0.509926
           4.24581          0.508516
           4.24929          0.506860
           4.25278          0.505074
           4.25627          0.503583
           4.25977          0.501559
           4.26327          0.499315
           4.26678          0.497265
           4.27029          0.495574
           4.27381          0.494103
           4.27734          0.492391
           4.28087          0.490926
           4.28441          0.489745
           4.28795          0.488508
           4.29150          0.487171
           4.29506          0.485971
           4.29862          0.485211
           4.30219          0.484675
           4.30576          0.484304
           4.30934          0.484231
           4.31292          0.484508
           4.31652          0.485220
           4.32011          0.485722
           4.32372          0.486110
           4.32732          0.486666
           4.33094          0.487442
           4.33456          0.488402
           4.33819          0.488807
           4.34182          0.489027
           4.34546          0.489214
           4.34911          0.489639
           4.35276          0.489711
           4.35642          0.489625
           4.36008          0.489365
           4.36375          0.488977
           4.36743          0.488472
           4.37111          0.487587
           4.37480          0.486839
           4.37849          0.485887
           4.38219          0.484787
           4.38590          0.483899
           4.38961          0.482986
           4.39333          0.482043
           4.39706          0.481582
           4.40079          0.480538
           4.40453          0.479215
           4.40828          0.478201
           4.41203          0.476948
           4.41579          0.475993
           4.41955          0.474860
           4.42332          0.473389
           4.42710          0.471814
           4.43088          0.470323
           4.43468          0.468841
           4.43847          0.466756
           4.44228          0.464120
           4.44608          0.461161
           4.44990          0.457862
           4.45372          0.454199
           4.45755          0.449928
           4.46139          0.445503
           4.46523          0.441511
           4.46908          0.438356
           4.47294          0.435858
           4.47680          0.434094
           4.48067          0.432706
           4.48455          0.431330
           4.48843          0.429845
           4.49232          0.428164
           4.49621          0.426115
           4.50012          0.423656
           4.50403          0.420967
           4.50794          0.417749
           4.51187          0.413949
           4.51580          0.409896
           4.51973          0.405063
           4.52368          0.399528
           4.52763          0.394000
           4.53159          0.387839
           4.53555          0.381315
           4.53952          0.374721
           4.54350          0.368426
           4.54749          0.363236
           4.55148          0.358725
           4.55548          0.355557
           4.55949          0.354141
           4.56350          0.354292
           4.56752          0.355682
           4.57155          0.358451
           4.57558          0.361832
           4.57963          0.364842
           4.58367          0.366963
           4.58773          0.368233
           4.59179          0.368772
           4.59586          0.368834
           4.59994          0.368616
           4.60403          0.368038
           4.60812          0.366737
           4.61222          0.365174
           4.61633          0.363460
           4.62044          0.361854
           4.62456          0.360489
           4.62869          0.359800
           4.63283          0.359272
           4.63697          0.358873
           4.64112          0.359105
           4.64528          0.359537
           4.64945          0.359579
           4.65362          0.359440
           4.65780          0.358904
           4.66199          0.357709
           4.66619          0.355431
           4.67039          0.352243
           4.67460          0.348349
           4.67882          0.343589
           4.68305          0.338176
           4.68728          0.332989
           4.69152          0.327883
           4.69577          0.323450
           4.70003          0.319768
           4.70430          0.316273
           4.70857          0.312764
           4.71285          0.309696
           4.71714          0.307666
           4.72143          0.306898
           4.72574          0.306848
           4.73005          0.308526
           4.73437          0.311348
           4.73870          0.314299
           4.74303          0.316415
           4.74738          0.316890
           4.75173          0.315684
           4.75609          0.313020
           4.76045          0.309241
           4.76483          0.304707
           4.76921          0.299461
           4.77360          0.294361
           4.77800          0.288982
           4.78241          0.283881
           4.78683          0.279870
           4.79125          0.277826
           4.79568          0.277821
           4.80013          0.279314
           4.80457          0.280970
           4.80903          0.282215
           4.81350          0.281983
           4.81797          0.279898
           4.82245          0.276056
           4.82694          0.271098
           4.83144          0.265362
           4.83595          0.259075
           4.84046          0.252288
           4.84499          0.245374
           4.84952          0.238224
           4.85406          0.231184
           4.85861          0.224330
           4.86317          0.217611
           4.86773          0.210810
           4.87231          0.204007
           4.87689          0.197025
           4.88148          0.189943
           4.88608          0.183170
           4.89069          0.178137
           4.89531          0.175652
           4.89994          0.176314
           4.90457          0.180753
           4.90922          0.189276
           4.91387          0.200509
           4.91853          0.213373
           4.92321          0.226533
           4.92788          0.239411
           4.93257          0.251029
           4.93727          0.261085
           4.94198          0.269368
           4.94669          0.275453
           4.95142          0.278960
           4.95615          0.280478
           4.96090          0.279981
           4.96565          0.278507
           4.97041          0.276774
           4.97518          0.274811
           4.97996          0.271450
           4.98475          0.266590
           4.98954          0.259549
           4.99435          0.250756
           4.99917          0.240390
           5.00399          0.229040
           5.00883          0.217418
           5.01367          0.206397
           5.01852          0.196464
           5.02339          0.188899
           5.02826          0.184496
           5.03314          0.183868
           5.03803          0.186827
           5.04293          0.193363
           5.04784          0.202581
           5.05276          0.214032
           5.05769          0.227270
           5.06263          0.241895
           5.06758          0.256448
           5.07254          0.270677
           5.07751          0.284216
           5.08249          0.296865
           5.08747          0.309213
           5.09247          0.321044
           5.09748          0.332484
           5.10250          0.344432
           5.10752          0.356883
           5.11256          0.369439
           5.11761          0.381608
           5.12266          0.393632
           5.12773          0.405220
           5.13281          0.415780
           5.13789          0.425529
           5.14299          0.434574
           5.14810          0.442547
           5.15322          0.450104
           5.15834          0.456943
           5.16348          0.463009
           5.16863          0.468833
           5.17379          0.474268
           5.17896          0.479296
           5.18413          0.484030
           5.18932          0.488539
           5.19452          0.492282
           5.19973          0.495839
           5.20496          0.499895
           5.21019          0.503374
           5.21543          0.506109
           5.22068          0.509783
           5.22594          0.512966
           5.23122          0.515699
           5.23650          0.518309
           5.24179          0.521112
           5.24710          0.523658
           5.25242          0.526086
           5.25774          0.528473
           5.26308          0.530662
           5.26843          0.532426
           5.27379          0.534149
           5.27916          0.535932
           5.28454          0.537794
           5.28993          0.538953
           5.29534          0.540402
           5.30075          0.542216
           5.30618          0.543283
           5.31161          0.544238
           5.31706          0.545340
           5.32252          0.546320
           5.32799          0.547172
           5.33347          0.547805
           5.33896          0.548297
           5.34447          0.548375
           5.34998          0.547939
           5.35551          0.548034
           5.36105          0.548637
           5.36660          0.548492
           5.37216          0.548121
           5.37773          0.547671
           5.38332          0.547342
           5.38891          0.546638
           5.39452          0.545678
           5.40014          0.544612
           5.40577          0.543568
           5.41141          0.542024
           5.41707          0.540558
           5.42274          0.538654
           5.42841          0.537956
           5.43410          0.536304
           5.43981          0.533426
           5.44552          0.530963
           5.45125          0.528278
           5.45698          0.525366
           5.46273          0.521969
           5.46850          0.518761
           5.47427          0.515944
           5.48006          0.512078
           5.48586          0.508563
           5.49167          0.504836
           5.49749          0.500842
           5.50333          0.496891
           5.50918          0.493084
           5.51504          0.489044
           5.52091          0.484826
           5.52680          0.481155
           5.53269          0.477386
           5.53861          0.473640
           5.54453          0.469988
           5.55047          0.466736
           5.55641          0.463824
           5.56238          0.461460
           5.56835          0.458956
           5.57434          0.456443
           5.58034          0.454277
           5.58635          0.453752
           5.59238          0.452745
           5.59842          0.451784
           5.60447          0.451469
           5.61054          0.451851
           5.61661          0.451848
           5.62271          0.452376
           5.62881          0.453024
           5.63493          0.453828
           5.64106          0.454341
           5.64721          0.456265
           5.65336          0.458183
           5.65954          0.458936
           5.66572          0.460335
           5.67192          0.460860
           5.67813          0.461971
           5.68436          0.463830
           5.69060          0.464341
           5.69685          0.465265
           5.70312          0.466937
           5.70940          0.467498
           5.71569          0.469572
           5.72200          0.472255
           5.72833          0.474257
           5.73466          0.476133
           5.74101          0.478079
           5.74738          0.479374
           5.75376          0.481158
           5.76015          0.482478
           5.76656          0.481560
           5.77298          0.483801
           5.77941          0.485303
           5.78586          0.484307
           5.79233          0.483796
           5.79881          0.483014
           5.80530          0.482249
           5.81181          0.481599
           5.81833          0.479631
           5.82487          0.478419
           5.83142          0.478793
           5.83799          0.477668
           5.84457          0.476619
           5.85117          0.476217
           5.85778          0.476772
           5.86441          0.477724
           5.87105          0.479628
           5.87770          0.479410
           5.88438          0.479120
           5.89106          0.481317
           5.89776          0.479156
           5.90448          0.478682
           5.91121          0.476887
           5.91796          0.473193
           5.92473          0.470117
           5.93150          0.466197
           5.93830          0.461940
           5.94511          0.459478
           5.95193          0.455609
           5.95878          0.450358
           5.96563          0.445121
           5.97251          0.439353
           5.97939          0.434256
           5.98630          0.427785
           5.99322          0.422003
           6.00016          0.416671
           6.00711          0.410954
           6.01408          0.405393
           6.02106          0.401884
           6.02806          0.398866
           6.03508          0.396437
           6.04212          0.394366
           6.04917          0.392476
           6.05623          0.393883
           6.06332          0.394762
           6.07042          0.391789
           6.07753          0.389782
           6.08467          0.387875
           6.09182          0.385441
           6.09898          0.382959
           6.10617          0.381700
           6.11337          0.381153
           6.12058          0.384916
           6.12782          0.390873
           6.13507          0.397007
           6.14234          0.404349
           6.14963          0.412037
           6.15693          0.417743
           6.16425          0.422346
           6.17159          0.427028
           6.17895          0.430216
           6.18632          0.432938
           6.19371          0.437444
           6.20112          0.440163
           6.20854          0.441391
           6.21599          0.442890
           6.22345          0.443970
           6.23093          0.444470
           6.23843          0.444303
           6.24595          0.443789
           6.25348          0.442859
           6.26103          0.441533
           6.26860          0.439802
           6.27619          0.437890
           6.28380          0.435970
           6.29143          0.434074
           6.29907          0.432622
           6.30673          0.431442
           6.31442          0.430247
           6.32212          0.429362
           6.32984          0.429044
           6.33757          0.429077
           6.34533          0.429532
           6.35311          0.432248
           6.36090          0.434071
           6.36872          0.434437
           6.37655          0.436042
           6.38440          0.437661
           6.39227          0.437899
           6.40017          0.438273
           6.40808          0.437474
           6.41601          0.436176
           6.42396          0.437996
           6.43193          0.437566
           6.43992          0.436198
           6.44793          0.435900
           6.45596          0.435397
           6.46401          0.435353
           6.47208          0.435121
           6.48017          0.435495
           6.48828          0.435777
           6.49641          0.436377
           6.50456          0.438864
           6.51273          0.440168
           6.52092          0.439601
           6.52914          0.441073
           6.53737          0.442002
           6.54563          0.441598
           6.55390          0.441519
           6.56220          0.441921
           6.57051          0.441433
           6.57885          0.440919
           6.58721          0.440704
           6.59559          0.438597
           6.60399          0.436927
           6.61242          0.434644
           6.62086          0.432480
           6.62933          0.429834
           6.63782          0.426819
           6.64633          0.425392
           6.65486          0.423413
           6.66341          0.419739
           6.67199          0.416238
           6.68059          0.412858
           6.68921          0.409745
           6.69785          0.406311
           6.70651          0.402107
           6.71520          0.397894
           6.72391          0.394092
           6.73264          0.389584
           6.74140          0.384754
           6.75018          0.379397
           6.75898          0.373900
           6.76780          0.367932
           6.77665          0.362622
           6.78552          0.357751
           6.79441          0.353491
           6.80333          0.350174
           6.81227          0.347419
           6.82123          0.344959
           6.83022          0.343346
           6.83923          0.342584
           6.84826          0.341741
           6.85732          0.340850
           6.86640          0.340736
           6.87551          0.342115
           6.88464          0.342229
           6.89380          0.341576
           6.90298          0.341272
           6.91218          0.340940
           6.92141          0.341062
           6.93066          0.340750
           6.93994          0.340568
           6.94924          0.340016
           6.95857          0.338930
           6.96792          0.338511
           6.97730          0.338103
           6.98670          0.336314
           6.99613          0.334884
           7.00559          0.333461
           7.01507          0.332087
           7.02457          0.330611
           7.03410          0.329516
           7.04366          0.328090
           7.05325          0.327196
           7.06285          0.326504
           7.07249          0.325608
           7.08215          0.324193
           7.09184          0.322568
           7.10155          0.321002
           7.11130          0.319533
           7.12106          0.318082
           7.13086          0.316636
           7.14068          0.315089
           7.15053          0.313984
           7.16041          0.312900
           7.17031          0.311672
           7.18024          0.310656
           7.19020          0.309668
           7.20019          0.308205
           7.21020          0.306971
           7.22024          0.305916
           7.23031          0.305042
           7.24041          0.304051
           7.25054          0.303219
           7.26069          0.302387
           7.27088          0.301642
           7.28109          0.300665
           7.29133          0.299905
           7.30160          0.298886
           7.31190          0.297800
           7.32222          0.296232
           7.33258          0.294386
           7.34297          0.292262
           7.35338          0.290394
           7.36383          0.288485
           7.37430          0.286450
           7.38481          0.284406
           7.39534          0.282460
           7.40591          0.280744
           7.41650          0.279429
           7.42713          0.278351
           7.43778          0.277449
           7.44847          0.276221
           7.45919          0.275202
           7.46994          0.274080
           7.48071          0.272779
           7.49152          0.270990
           7.50237          0.269362
           7.51324          0.267207
           7.52414          0.264859
           7.53508          0.262400
           7.54605          0.259907
           7.55705          0.257174
           7.56808          0.254455
           7.57915          0.251331
           7.59024          0.248330
           7.60137          0.245717
           7.61253          0.243461
           7.62373          0.241153
           7.63496          0.239447
           7.64622          0.237981
           7.65751          0.236535
           7.66884          0.234997
           7.68020          0.233476
           7.69159          0.231574
           7.70302          0.229576
           7.71449          0.227002
           7.72598          0.224146
           7.73752          0.220651
           7.74908          0.216977
           7.76068          0.212600
           7.77232          0.207882
           7.78399          0.202946
           7.79569          0.197938
           7.80743          0.192760
           7.81921          0.187802
           7.83102          0.182936
           7.84287          0.178492
           7.85475          0.174100
           7.86667          0.170022
           7.87862          0.166155
           7.89062          0.162688
           7.90264          0.159162
           7.91471          0.156072
           7.92681          0.153026
           7.93895          0.150059
           7.95113          0.147379
           7.96334          0.144958
           7.97559          0.142558
           7.98788          0.140372
           8.00021          0.138398
           8.01257          0.137075
           8.02498          0.136371
           8.03742          0.136343
           8.04990          0.135785
           8.06242          0.134652
           8.07498          0.132477
           8.08757          0.129842
           8.10021          0.126592
           8.11289          0.123429
           8.12560          0.119549
           8.13836          0.115113
           8.15116          0.110387
           8.16399          0.106127
           8.17687          0.101853
           8.18979          0.097498
           8.20275          0.093207
           8.21575          0.089544
           8.22879          0.086122
           8.24187          0.083071
           8.25499          0.080081
           8.26816          0.077540
           8.28137          0.074805
           8.29462          0.072482
           8.30791          0.070193
           8.32124          0.068267
           8.33462          0.066301
           8.34804          0.064590
           8.36151          0.062937
           8.37502          0.061681
           8.38857          0.060006
           8.40216          0.058758
           8.41580          0.057977
           8.42949          0.057430
           8.44322          0.056626
           8.45699          0.056028
           8.47081          0.055646
           8.48467          0.055414
           8.49858          0.054881
           8.51254          0.054864
           8.52654          0.055051
           8.54058          0.055590
           8.55468          0.055992
           8.56882          0.056947
           8.58300          0.058390
           8.59724          0.060766
           8.61152          0.063381
           8.62585          0.066421
           8.64023          0.069752
           8.65465          0.074017
           8.66912          0.078626
           8.68364          0.084436
           8.69821          0.090734
           8.71283          0.097961
           8.72750          0.105962
           8.74222          0.115091
           8.75699          0.124605
           8.77180          0.134872
           8.78667          0.144836
           8.80159          0.153730
           8.81656          0.161041
           8.83158          0.166970
           8.84665          0.170678
           8.86177          0.173048
           8.87694          0.174377
           8.89217          0.174723
           8.90745          0.174072
           8.92278          0.172836
           8.93816          0.170854
           8.95360          0.168835
           8.96909          0.165943
           8.98464          0.162183
           9.00023          0.157806
           9.01589          0.153953
           9.03159          0.150179
           9.04736          0.146421
           9.06317          0.142452
           9.07905          0.139043
           9.09497          0.135358
           9.11096          0.131416
           9.12700          0.126989
           9.14310          0.121779
           9.15925          0.114968
           9.17546          0.106883
           9.19173          0.098120
           9.20806          0.090801
           9.22444          0.085360
           9.24088          0.082130
           9.25738          0.079620
           9.27394          0.077111
           9.29056          0.074221
           9.30724          0.072331
           9.32398          0.070896
           9.34078          0.069763
           9.35764          0.068395
           9.37457          0.066876
           9.39155          0.064364
           9.40859          0.061176
           9.42570          0.057441
           9.44287          0.053574
           9.46010          0.049286
           9.47740          0.045959
           9.49475          0.044094
           9.51217          0.044970
           9.52966          0.049032
           9.54721          0.056503
           9.56483          0.065989
           9.58250          0.077186
           9.60025          0.087794
           9.61806          0.096727
           9.63594          0.103625
           9.65388          0.108678
           9.67189          0.111922
           9.68997          0.114083
           9.70812          0.115308
           9.72633          0.116353
           9.74462          0.116830
           9.76297          0.117179
           9.78139          0.116933
           9.79988          0.116249
           9.81844          0.115370
           9.83707          0.113486
           9.85577          0.109304
           9.87454          0.103405
           9.89339          0.098405
           9.91230          0.096406
           9.93129          0.095105
           9.95036          0.094229
           9.96949          0.094226
           9.98870          0.094879
          10.00798          0.095315
          10.02734          0.096186
          10.04677          0.097836
          10.06628          0.100538
          10.08587          0.103092
          10.10553          0.105482
          10.12526          0.108723
          10.14508          0.113276
          10.16497          0.117090
          10.18494          0.120409
          10.20499          0.123678
          10.22512          0.127019
          10.24533          0.130012
          10.26561          0.133451
          10.28598          0.136257
          10.30643          0.138948
          10.32696          0.141421
          10.34757          0.143769
          10.36827          0.145659
          10.38905          0.147429
          10.40991          0.149244
          10.43086          0.151011
          10.45188          0.152580
          10.47300          0.154322
          10.49420          0.156117
          10.51549          0.157987
          10.53686          0.159642
          10.55832          0.161242
          10.57987          0.162484
          10.60150          0.164427
          10.62323          0.166398
          10.64504          0.167562
          10.66694          0.168425
          10.68894          0.169296
          10.71102          0.169221
          10.73320          0.168631
          10.75547          0.166588
          10.77783          0.163280
          10.80028          0.159656
          10.82283          0.155394
          10.84547          0.149788
          10.86821          0.143529
          10.89104          0.137069
          10.91397          0.131464
          10.93699          0.126478
          10.96012          0.122452
          10.98334          0.119172
          11.00666          0.116833
          11.03007          0.114929
          11.05359          0.113452
          11.07721          0.112536
          11.10093          0.112894
          11.12475          0.113234
          11.14868          0.113670
          11.17271          0.114845
          11.19684          0.116612
          11.22107          0.118008
          11.24541          0.119493
          11.26986          0.121171
          11.29441          0.123200
          11.31907          0.125350
          11.34384          0.128153
          11.36872          0.130883
          11.39370          0.133962
          11.41880          0.137242
          11.44401          0.140673
          11.46933          0.144339
          11.49476          0.148191
          11.52030          0.151572
          11.54596          0.154860
          11.57173          0.157967
          11.59762          0.161278
          11.62362          0.164327
          11.64974          0.167238
          11.67598          0.169843
          11.70234          0.172598
          11.72881          0.174751
          11.75541          0.176713
          11.78213          0.178201
          11.80896          0.179497
          11.83592          0.180429
          11.86301          0.181018
          11.89022          0.181353
          11.91755          0.181319
          11.94501          0.180460
          11.97260          0.178986
          12.00031          0.176158
          12.02816          0.172543
          12.05613          0.168210
          12.08423          0.163286
          12.11246          0.157833
          12.14083          0.151965
          12.16933          0.145444
          12.19796          0.138655
          12.22673          0.131857
          12.25564          0.124914
          12.28468          0.118424
          12.31386          0.112536
          12.34318          0.106869
          12.37264          0.101839
          12.40224          0.097269
          12.43198          0.093483
          12.46186          0.090156
          12.49189          0.087761
          12.52207          0.085994
          12.55238          0.085156
          12.58285          0.085223
          12.61347          0.086150
          12.64423          0.087266
          12.67515          0.089430
          12.70621          0.092004
          12.73743          0.094650
          12.76881          0.097216
          12.80033          0.100281
          12.83202          0.103424
          12.86386          0.106202
          12.89586          0.109256
          12.92802          0.112846
          12.96034          0.114976
          12.99282          0.116972
          13.02546          0.119192
          13.05827          0.121003
          13.09125          0.122413
          13.12439          0.123667
          13.15770          0.124739
          13.19118          0.125305
          13.22483          0.125043
          13.25866          0.124677
          13.29265          0.123795
          13.32683          0.122558
          13.36117          0.121213
          13.39570          0.119912
          13.43040          0.118153
          13.46529          0.115671
          13.50035          0.112816
          13.53560          0.110376
          13.57103          0.107232
          13.60665          0.104072
          13.64246          0.100798
          13.67846          0.097023
          13.71464          0.092707
          13.75102          0.089129
          13.78759          0.085058
          13.82436          0.081100
          13.86132          0.076703
          13.89849          0.072021
          13.93585          0.067795
          13.97341          0.063878
          14.01117          0.059738
          14.04915          0.055822
          14.08732          0.051718
          14.12571          0.047698
          14.16430          0.044172
          14.20311          0.041830
          14.24213          0.038943
          14.28136          0.035984
          14.32081          0.033801
          14.36049          0.032336
          14.40038          0.031294
          14.44049          0.030281
          14.48082          0.029097
          14.52139          0.028556
          14.56218          0.028773
          14.60320          0.029686
          14.64445          0.030367
          14.68593          0.031448
          14.72766          0.032573
          14.76962          0.033664
          14.81181          0.034429
          14.85425          0.035166
          14.89694          0.036425
          14.93987          0.037927
          14.98305          0.038793
          15.02648          0.040035
          15.07016          0.040909
          15.11410          0.042494
          15.15829          0.044200
          15.20274          0.045529
          15.24746          0.046807
          15.29243          0.048563
          15.33768          0.050453
          15.38319          0.052659
          15.42897          0.054501
          15.47503          0.056472
          15.52136          0.057968
          15.56797          0.059705
          15.61487          0.060978
          15.66204          0.061857
          15.70950          0.062089
          15.75725          0.061924
          15.80529          0.061134
          15.85362          0.059289
          15.90226          0.056589
          15.95119          0.054456
          16.00042          0.051709
          16.04995          0.049219
          16.09980          0.047765
          16.14995          0.047086
          16.20042          0.046302
          16.25121          0.045364
          16.30231          0.044233
          16.35374          0.043209
          16.40549          0.041721
          16.45757          0.040116
          16.50998          0.038555
          16.56273          0.037494
          16.61582          0.036099
          16.66924          0.034611
          16.72302          0.033899
          16.77714          0.033882
          16.83161          0.033689
          16.88643          0.033581
          16.94162          0.033706
          16.99716          0.034778
          17.05308          0.035892
          17.10936          0.037157
          17.16601          0.038650
          17.22304          0.040576
          17.28045          0.042935
          17.33824          0.045264
          17.39643          0.047287
          17.45500          0.049870
          17.51397          0.053404
          17.57334          0.057346
          17.63311          0.061324
          17.69329          0.066480
          17.75389          0.071901
          17.81490          0.078219
          17.87633          0.085153
          17.93818          0.091898
          18.00047          0.097852
          18.06319          0.104323
          18.12635          0.110694
          18.18995          0.117106
          18.25400          0.122140
          18.31850          0.126503
          18.38346          0.129588
          18.44888          0.132315
          18.51477          0.134412
          18.58113          0.135715
          18.64797          0.136701
          18.71529          0.139076
          18.78310          0.139026
          18.85140          0.137923
          18.92020          0.136821
          18.98951          0.136008
          19.05932          0.135503
          19.12965          0.134085
          19.20050          0.132435
          19.27188          0.130749
          19.34379          0.128647
          19.41624          0.127544
          19.48923          0.125919
          19.56277          0.123281
          19.63688          0.120459
          19.71154          0.117941
          19.78678          0.115250
          19.86259          0.112118
          19.93898          0.107539
          20.01596          0.103570
          20.09355          0.099483
          20.17173          0.094232
          20.25053          0.088347
          20.32994          0.084187
          20.40998          0.082443
          20.49065          0.084578
          20.57196          0.090117
          20.65392          0.099047
          20.73654          0.106554
          20.81982          0.112146
          20.90377          0.114223
          20.98840          0.115716
          21.07372          0.115286
          21.15973          0.113628
          21.24646          0.110792
          21.33389          0.109287
          21.42204          0.106506
          21.51093          0.101948
          21.60056          0.099963
          21.69094          0.099762
          21.78208          0.097769
          21.87399          0.096540
          21.96667          0.094120
          22.06015          0.092677
          22.15442          0.090488
          22.24951          0.087560
          22.34541          0.085332
          22.44214          0.085818
          22.53972          0.087180
          22.63814          0.089022
          22.73743          0.089994
          22.83760          0.091060
          22.93865          0.091398
          23.04060          0.091300
          23.14346          0.090340
          23.24724          0.092071
          23.35196          0.091069
          23.45763          0.088185
          23.56425          0.087183
          23.67185          0.089422
          23.78044          0.090734
          23.89002          0.088241
          24.00063          0.084508
          24.11226          0.086474
          24.22493          0.086331
          24.33866          0.086259
          24.45347          0.085262
          24.56936          0.087733
          24.68636          0.088874
          24.80447          0.090212
          24.92373          0.090636
          25.04413          0.091339
          25.16571          0.086817
          25.28846          0.080815
          25.41243          0.082484
          25.53761          0.090041
          25.66404          0.091747
          25.79172          0.088796
          25.92068          0.084525