           0.30000          0.112502
           0.30500          0.123232
           0.31000          0.128347
           0.31500          0.136972
           0.32000          0.145416
           0.32500          0.157031
           0.33000          0.170210
           0.33500          0.185569
           0.34000          0.201150
           0.34500          0.217960
           0.35000          0.235569
           0.35500          0.253292
           0.36000          0.272373
           0.36500          0.291340
           0.37000          0.306368
           0.37500          0.319435
           0.38000          0.332193
           0.38500          0.344941
           0.39000          0.356850
           0.39500          0.366478
           0.40000          0.379421
           0.40500          0.391996
           0.41000          0.410274
           0.41500          0.420655
           0.42000          0.426687
           0.42500          0.423979
           0.43000          0.429506
           0.43500          0.444241
           0.44000          0.451520
           0.44500          0.454162
           0.45000          0.455421
           0.45500          0.460620
           0.46000          0.464671
           0.46500          0.469813
           0.47000          0.471633
           0.47500          0.477786
           0.48000          0.480095
           0.48500          0.486912
           0.49000          0.494158
           0.49500          0.499844
           0.50000          0.503002
           0.50500          0.479415
           0.51000          0.509618
           0.51500          0.521219
           0.52000          0.526481
           0.52500          0.530797
           0.53000          0.532809
           0.53500          0.531938
           0.54000          0.528853
           0.54500          0.523476
           0.55000          0.521395
           0.55500          0.530983
           0.56000          0.540125
           0.56500          0.544584
           0.57000          0.549348
           0.57500          0.552486
           0.58000          0.553290
           0.58500          0.555820
           0.59000          0.559650
           0.59500          0.562852
           0.60000          0.563137
           0.60500          0.566189
           0.61000          0.567073
           0.61500          0.568909
           0.62000          0.570637
           0.62500          0.573753
           0.63000          0.576292
           0.63500          0.578594
           0.64000          0.579856
           0.64500          0.582213
           0.65000          0.583571
           0.65500          0.586262
           0.66000          0.588022
           0.66500          0.589350
           0.67000          0.591425
           0.67500          0.592635
           0.68000          0.594345
           0.68500          0.594471
           0.69000          0.594814
           0.69500          0.593231
           0.70000          0.591938
           0.70500          0.589314
           0.71000          0.584685
           0.71500          0.580822
           0.72000          0.572811
           0.72500          0.565476
           0.73000          0.554656
           0.73500          0.543242
           0.74000          0.529267
           0.74500          0.513819
           0.75000          0.497020
           0.75500          0.478692
           0.76000          0.458311
           0.76500          0.437632
           0.77000          0.416719
           0.77500          0.395544
           0.78000          0.373339
           0.78500          0.351816
           0.79000          0.331602
           0.79500          0.311441
           0.80000          0.292437
           0.80500          0.272082
           0.81000          0.255340
           0.81500          0.239282
           0.82000          0.224751
           0.82500          0.210420
           0.83000          0.197559
           0.83500          0.186561
           0.84000          0.176308
           0.84500          0.167369
           0.85000          0.159384
           0.85500          0.152148
           0.86000          0.145918
           0.86500          0.139684
           0.87000          0.136044
           0.87500          0.130896
           0.88000          0.126209
           0.88500          0.122745
           0.89000          0.121266
           0.89500          0.118625
           0.90000          0.117223
           0.90500          0.114670
           0.91000          0.115502
           0.91500          0.114523
           0.92000          0.115891
           0.92500          0.116713
           0.93000          0.118427
           0.93500          0.119217
           0.94000          0.123054
           0.94500          0.126243
           0.95000          0.130416
           0.95500          0.134965
           0.96000          0.140511
           0.96500          0.147350
           0.97000          0.155298
           0.97500          0.163533
           0.98000          0.174123
           0.98500          0.184772
           0.99000          0.196674
           0.99500          0.208835
           1.00000          0.224134
           1.00500          0.239173
           1.01000          0.256795
           1.01500          0.273488
           1.02000          0.292921
           1.02500          0.311502
           1.03000          0.330660
           1.03500          0.350293
           1.04000          0.371483
           1.04500          0.390767
           1.05000          0.411597
           1.05500          0.430212
           1.06000          0.449391
           1.06500          0.466852
           1.07000          0.483931
           1.07500          0.498828
           1.08000          0.513685
           1.08500          0.525359
           1.09000          0.538323
           1.09500          0.549870
           1.10000          0.559430
           1.10500          0.567767
           1.11000          0.577130
           1.11500          0.583729
           1.12000          0.588847
           1.12500          0.594706
           1.13000          0.600066
           1.13500          0.602165
           1.14000          0.606460
           1.14500          0.609271
           1.15000          0.611837
           1.15500          0.615094
           1.16000          0.616565
           1.16500          0.619173
           1.17000          0.619811
           1.17500          0.622446
           1.18000          0.623054
           1.18500          0.624982
           1.19000          0.626176
           1.19500          0.626926
           1.20000          0.627995
           1.20500          0.628776
           1.21000          0.627986
           1.21500          0.630649
           1.22000          0.630218
           1.22500          0.630885
           1.23000          0.630831
           1.23500          0.630732
           1.24000          0.630582
           1.24500          0.631084
           1.25000          0.630306
           1.25500          0.630292
           1.26000          0.630811
           1.26500          0.630660
           1.27000          0.630051
           1.27500          0.629166
           1.28000          0.628655
           1.28500          0.626572
           1.29000          0.626146
           1.29500          0.625252
           1.30000          0.623932
           1.30500          0.621630
           1.31000          0.621257
           1.31500          0.619097
           1.32000          0.616628
           1.32500          0.613826
           1.33000          0.611050
           1.33500          0.608594
           1.34000          0.605979
           1.34500          0.602627
           1.35000          0.597679
           1.35500          0.592570
           1.36000          0.589523
           1.36500          0.586016
           1.37000          0.581397
           1.37500          0.577753
           1.38000          0.571780
           1.38500          0.569931
           1.39000          0.558523
           1.39500          0.545969
           1.40000          0.543984
           1.40500          0.543963
           1.41000          0.542673
           1.41500          0.535415
           1.42000          0.531513
           1.42500          0.527089
           1.43000          0.521593
           1.43500          0.516616
           1.44000          0.509931
           1.44500          0.503552
           1.45000          0.497619
           1.45500          0.491363
           1.46000          0.486012
           1.46500          0.477893
           1.47000          0.472051
           1.47500          0.466955
           1.48000          0.459416
           1.48500          0.453291
           1.49000          0.447029
           1.49500          0.440955
           1.50000          0.434353
           1.50500          0.427760
           1.51000          0.421099
           1.51500          0.415692
           1.52000          0.408466
           1.52500          0.402299
           1.53000          0.396838
           1.53500          0.389827
           1.54000          0.383533
           1.54500          0.378277
           1.55000          0.372154
           1.55500          0.366214
           1.56000          0.360054
           1.56500          0.354505
           1.57000          0.349292
           1.57500          0.342922
           1.58000          0.337335
           1.58500          0.331996
           1.59000          0.327088
           1.59500          0.321510
           1.60000          0.316530
           1.60500          0.310650
           1.61000          0.305236
           1.61500          0.301148
           1.62000          0.296307
           1.62500          0.291173
           1.63000          0.287366
           1.63500          0.283018
           1.64000          0.278964
           1.64500          0.274869
           1.65000          0.270938
           1.65500          0.267490
           1.66000          0.263924
           1.66500          0.259786
           1.67000          0.256611
           1.67500          0.252456
           1.68000          0.247983
           1.68500          0.245336
           1.69000          0.240952
           1.69500          0.238188
           1.70000          0.235315
           1.70500          0.233398
           1.71000          0.230371
           1.71500          0.227181
           1.72000          0.224872
           1.72500          0.222437
           1.73000          0.219780
           1.73500          0.216994
           1.74000          0.214973
           1.74500          0.212251
           1.75000          0.210469
           1.75500          0.208489
           1.76000          0.206389
           1.76500          0.204185
           1.77000          0.202820
           1.77500          0.200995
           1.78000          0.198909
           1.78500          0.197270
           1.79000          0.196193
           1.79500          0.193071
           1.80000          0.192891
           1.80500          0.191722
           1.81000          0.190738
           1.81500          0.190069
           1.82000          0.188871
           1.82500          0.189272
           1.83000          0.187475
           1.83500          0.186650
           1.84000          0.185518
           1.84500          0.184846
           1.85000          0.184776
           1.85500          0.184441
           1.86000          0.184023
           1.86500          0.184614
           1.87000          0.185066
           1.87500          0.185022
           1.88000          0.185365
           1.88500          0.186194
           1.89000          0.186260
           1.89500          0.186581
           1.90000          0.187582
           1.90500          0.188193
           1.91000          0.188974
           1.91500          0.189437
           1.92000          0.190715
           1.92500          0.193323
           1.93000          0.194070
           1.93500          0.195349
           1.94000          0.196481
           1.94500          0.197833
           1.95000          0.199102
           1.95500          0.200980
           1.96000          0.203059
           1.96500          0.204460
           1.97000          0.206602
           1.97500          0.208754
           1.98000          0.211631
           1.98500          0.213937
           1.99000          0.216812
           1.99500          0.219106
           2.00000          0.221785
           2.00500          0.224733
           2.01000          0.228345
           2.01500          0.230967
           2.02000          0.234752
           2.02500          0.237739
           2.03000          0.240888
           2.03500          0.243935
           2.04000          0.248311
           2.04500          0.250852
           2.05000          0.255411
           2.05500          0.258834
           2.06000          0.263693
           2.06500          0.266699
           2.07000          0.271401
           2.07500          0.276243
           2.08000          0.279535
           2.08500          0.284693
           2.09000          0.288905
           2.09500          0.293748
           2.10000          0.298109
           2.10500          0.304385
           2.11000          0.308704
           2.11500          0.313740
           2.12000          0.319189
           2.12500          0.321072
           2.13000          0.327055
           2.13500          0.332566
           2.14000          0.337392
           2.14500          0.342432
           2.15000          0.348318
           2.15500          0.353979
           2.16000          0.358710
           2.16500          0.363563
           2.17000          0.368691
           2.17500          0.372521
           2.18000          0.376933
           2.18500          0.383132
           2.19000          0.388308
           2.19500          0.393206
           2.20000          0.398312
           2.20500          0.402585
           2.21000          0.408006
           2.21500          0.413479
           2.22000          0.418715
           2.22500          0.423088
           2.23000          0.428509
           2.23500          0.432476
           2.24000          0.438247
           2.24500          0.442738
           2.25000          0.446956
           2.25500          0.452074
           2.26000          0.456773
           2.26500          0.460905
           2.27000          0.464793
           2.27500          0.467642
           2.28000          0.471696
           2.28500          0.473486
           2.29000          0.473809
           2.29500          0.477282
           2.30000          0.482034
           2.30500          0.483650
           2.31000          0.482268
           2.31500          0.480962
           2.32000          0.486524
           2.32500          0.493855
           2.33000          0.501034
           2.33500          0.504902
           2.34000          0.511449
           2.34500          0.516035
           2.35000          0.518604
           2.35500          0.521891
           2.36000          0.525400
           2.36500          0.527803
           2.37000          0.528956
           2.37500          0.530699
           2.38000          0.532388
           2.38500          0.531757
           2.39000          0.532167
           2.39500          0.533472
           2.40000          0.539397
           2.40500          0.542295
           2.41000          0.545314
           2.41500          0.545059
           2.42000          0.547808
           2.42136          0.547710
           2.42249          0.547691
           2.42363          0.547836
           2.42476          0.547841
           2.42589          0.547769
           2.42703          0.548000
           2.42817          0.548415
           2.42930          0.548073
           2.43044          0.547853
           2.43158          0.548244
           2.43272          0.548610
           2.43387          0.548777
           2.43501          0.548798
           2.43615          0.548784
           2.43730          0.549512
           2.43845          0.549870
           2.43959          0.549765
           2.44074          0.549716
           2.44189          0.549469
           2.44304          0.549234
           2.44419          0.549729
           2.44535          0.550433
           2.44650          0.550660
           2.44766          0.550706
           2.44881          0.550762
           2.44997          0.550949
           2.45113          0.550476
           2.45229          0.550489
           2.45345          0.550793
           2.45461          0.550377
           2.45577          0.551066
           2.45694          0.551561
           2.45810          0.551489
           2.45927          0.551292
           2.46043          0.551569
           2.46160          0.551871
           2.46277          0.552302
           2.46394          0.551831
           2.46511          0.551799
           2.46629          0.551464
           2.46746          0.551291
           2.46864          0.551587
           2.46981          0.552037
           2.47099          0.552461
           2.47217          0.552904
           2.47335          0.553313
           2.47453          0.553889
           2.47571          0.554221
           2.47689          0.554265
           2.47808          0.554445
           2.47926          0.555200
           2.48045          0.555982
           2.48163          0.556232
           2.48282          0.555928
           2.48401          0.555504
           2.48520          0.555786
           2.48640          0.556985
           2.48759          0.556687
           2.48878          0.556344
           2.48998          0.556591
           2.49117          0.557160
           2.49237          0.557820
           2.49357          0.557427
           2.49477          0.557188
           2.49597          0.557155
           2.49717          0.556560
           2.49838          0.556610
           2.49958          0.556856
           2.50079          0.556959
           2.50200          0.556844
           2.50320          0.556990
           2.50441          0.557078
           2.50562          0.557483
           2.50683          0.558068
           2.50805          0.558841
           2.50926          0.558702
           2.51048          0.558813
           2.51169          0.558922
           2.51291          0.558797
           2.51413          0.558260
           2.51535          0.558291
           2.51657          0.558710
           2.51779          0.558703
           2.51902          0.558178
           2.52024          0.558472
           2.52147          0.559173
           2.52269          0.559242
           2.52392          0.559191
           2.52515          0.559782
           2.52638          0.559765
           2.52761          0.559778
           2.52885          0.560120
           2.53008          0.559931
           2.53132          0.559672
           2.53255          0.560101
           2.53379          0.560430
           2.53503          0.560765
           2.53627          0.560446
           2.53751          0.560685
           2.53875          0.561316
           2.54000          0.561272
           2.54124          0.561208
           2.54249          0.561048
           2.54374          0.560929
           2.54499          0.561650
           2.54624          0.562303
           2.54749          0.562199
           2.54874          0.561987
           2.54999          0.562580
           2.55125          0.561969
           2.55250          0.561659
           2.55376          0.562336
           2.55502          0.563010
           2.55628          0.562738
           2.55754          0.562974
           2.55880          0.563157
           2.56007          0.562740
           2.56133          0.561773
           2.56260          0.562220
           2.56386          0.563527
           2.56513          0.564152
           2.56640          0.564620
           2.56767          0.564838
           2.56895          0.564059
           2.57022          0.563851
           2.57150          0.565898
           2.57277          0.565466
           2.57405          0.564543
           2.57533          0.566730
           2.57661          0.566111
           2.57789          0.565692
           2.57917          0.566898
           2.58046          0.566802
           2.58174          0.566389
           2.58303          0.567072
           2.58431          0.566080
           2.58560          0.569060
           2.58689          0.569716
           2.58819          0.569158
           2.58948          0.569816
           2.59077          0.570159
           2.59207          0.570704
           2.59336          0.569876
           2.59466          0.566667
           2.59596          0.569502
           2.59726          0.575813
           2.59856          0.575491
           2.59987          0.573599
           2.60117          0.573116
           2.60248          0.573504
           2.60378          0.573871
           2.60509          0.572843
           2.60640          0.573587
           2.60771          0.576284
           2.60903          0.576211
           2.61034          0.575934
           2.61166          0.576651
           2.61297          0.576667
           2.61429          0.577114
           2.61561          0.577896
           2.61693          0.576366
           2.61825          0.578300
           2.61957          0.579401
           2.62090          0.577363
           2.62222          0.580267
           2.62355          0.581188
           2.62488          0.580442
           2.62621          0.578726
           2.62754          0.578947
           2.62887          0.581408
           2.63021          0.579410
           2.63154          0.579979
           2.63288          0.583021
           2.63421          0.582051
           2.63555          0.582340
           2.63689          0.582524
           2.63824          0.582314
           2.63958          0.582627
           2.64092          0.582542
           2.64227          0.582167
           2.64362          0.582751
           2.64497          0.583024
           2.64632          0.582854
           2.64767          0.583800
           2.64902          0.583692
           2.65038          0.582951
           2.65173          0.582687
           2.65309          0.582857
           2.65445          0.584014
           2.65581          0.583352
           2.65717          0.583787
           2.65853          0.583854
           2.65989          0.582772
           2.66126          0.582877
           2.66263          0.583483
           2.66400          0.582429
           2.66536          0.579961
           2.66674          0.580540
           2.66811          0.582720
           2.66948          0.582074
           2.67086          0.577811
           2.67223          0.581123
           2.67361          0.581427
           2.67499          0.577750
           2.67637          0.574312
           2.67776          0.573275
           2.67914          0.572476
           2.68052          0.569817
           2.68191          0.567505
           2.68330          0.562526
           2.68469          0.557692
           2.68608          0.552092
           2.68747          0.546876
           2.68887          0.541031
           2.69026          0.533993
           2.69166          0.526181
           2.69306          0.516673
           2.69446          0.506377
           2.69586          0.497942
           2.69726          0.488049
           2.69866          0.475876
           2.70007          0.462048
           2.70148          0.449113
           2.70289          0.437377
           2.70430          0.425427
           2.70571          0.413197
           2.70712          0.402565
           2.70853          0.392981
           2.70995          0.385135
           2.71137          0.378800
           2.71279          0.375580
           2.71421          0.371366
           2.71563          0.366241
           2.71705          0.360172
           2.71848          0.346772
           2.71990          0.321410
           2.72133          0.305130
           2.72276          0.319733
           2.72419          0.338541
           2.72562          0.352182
           2.72706          0.362038
           2.72849          0.366132
           2.72993          0.366024
           2.73137          0.360242
           2.73281          0.353430
           2.73425          0.357626
           2.73569          0.369203
           2.73714          0.378185
           2.73858          0.380306
           2.74003          0.380982
           2.74148          0.384392
           2.74293          0.387210
           2.74438          0.386549
           2.74583          0.384683
           2.74729          0.385858
           2.74875          0.388126
           2.75020          0.389381
           2.75166          0.389959
           2.75313          0.390816
           2.75459          0.390846
           2.75605          0.390823
           2.75752          0.394662
           2.75899          0.396051
           2.76046          0.395575
           2.76193          0.395562
           2.76340          0.396429
           2.76487          0.397961
           2.76635          0.398872
           2.76782          0.398977
           2.76930          0.399914
           2.77078          0.400374
           2.77226          0.401572
           2.77375          0.403076
           2.77523          0.403293
           2.77672          0.403446
           2.77821          0.404002
           2.77970          0.405192
           2.78119          0.406021
           2.78268          0.406946
           2.78418          0.407973
           2.78567          0.408505
           2.78717          0.408716
           2.78867          0.410444
           2.79017          0.412480
           2.79167          0.413295
           2.79318          0.413899
           2.79468          0.415167
           2.79619          0.416391
           2.79770          0.417299
           2.79921          0.418281
           2.80072          0.419199
           2.80224          0.419862
           2.80375          0.421010
           2.80527          0.422962
           2.80679          0.423861
           2.80831          0.424291
           2.80983          0.425196
           2.81135          0.426176
           2.81288          0.426875
           2.81441          0.427220
           2.81593          0.427983
           2.81746          0.429012
           2.81900          0.429248
           2.82053          0.429765
           2.82207          0.430799
           2.82360          0.431431
           2.82514          0.431658
           2.82668          0.431982
           2.82822          0.432516
           2.82977          0.433376
           2.83131          0.433782
           2.83286          0.433777
           2.83441          0.433952
           2.83596          0.433969
           2.83751          0.433957
           2.83907          0.433877
           2.84062          0.433510
           2.84218          0.432782
           2.84374          0.432115
           2.84530          0.431617
           2.84686          0.431481
           2.84843          0.431473
           2.84999          0.431724
           2.85156          0.432386
           2.85313          0.433204
           2.85470          0.434242
           2.85627          0.435497
           2.85785          0.436205
           2.85942          0.437084
           2.86100          0.438218
           2.86258          0.439208
           2.86416          0.439809
           2.86575          0.440493
           2.86733          0.441242
           2.86892          0.442157
           2.87051          0.442712
           2.87210          0.442931
           2.87369          0.443383
           2.87528          0.443816
           2.87688          0.444217
           2.87848          0.444320
           2.88007          0.444436
           2.88168          0.444281
           2.88328          0.444340
           2.88488          0.444885
           2.88649          0.445335
           2.88810          0.445780
           2.88971          0.446200
           2.89132          0.446209
           2.89293          0.446295
           2.89455          0.446690
           2.89616          0.447056
           2.89778          0.447081
           2.89940          0.447424
           2.90103          0.447752
           2.90265          0.448061
           2.90428          0.448130
           2.90591          0.447838
           2.90754          0.448099
           2.90917          0.448382
           2.91080          0.448414
           2.91244          0.448688
           2.91407          0.448531
           2.91571          0.448447
           2.91735          0.448835
           2.91899          0.448797
           2.92064          0.448459
           2.92229          0.448432
           2.92393          0.448783
           2.92558          0.448866
           2.92724          0.448949
           2.92889          0.449172
           2.93055          0.449344
           2.93220          0.449370
           2.93386          0.449247
           2.93552          0.449198
           2.93719          0.449323
           2.93885          0.449249
           2.94052          0.449341
           2.94219          0.449583
           2.94386          0.449707
           2.94553          0.449666
           2.94721          0.449669
           2.94888          0.449871
           2.95056          0.450002
           2.95224          0.449990
           2.95392          0.449925
           2.95561          0.449776
           2.95729          0.449756
           2.95898          0.449671
           2.96067          0.449485
           2.96236          0.449576
           2.96406          0.449540
           2.96575          0.449622
           2.96745          0.449933
           2.96915          0.449787
           2.97085          0.449642
           2.97255          0.449673
           2.97426          0.449668
           2.97597          0.449391
           2.97768          0.449355
           2.97939          0.449442
           2.98110          0.449755
           2.98282          0.449820
           2.98453          0.449298
           2.98625          0.449291
           2.98797          0.449812
           2.98970          0.449984
           2.99142          0.449894
           2.99315          0.449697
           2.99488          0.449666
           2.99661          0.449714
           2.99834          0.450108
           3.00008          0.450188
           3.00182          0.450216
           3.00355          0.450458
           3.00530          0.450591
           3.00704          0.450406
           3.00878          0.450335
           3.01053          0.450407
           3.01228          0.450573
           3.01403          0.450925
           3.01579          0.451046
           3.01754          0.451028
           3.01930          0.451077
           3.02106          0.451388
           3.02282          0.451543
           3.02458          0.451517
           3.02635          0.451728
           3.02812          0.451766
           3.02989          0.451898
           3.03166          0.451870
           3.03343          0.451857
           3.03521          0.452037
           3.03699          0.452014
           3.03877          0.452078
           3.04055          0.452489
           3.04233          0.452509
           3.04412          0.452212
           3.04591          0.452188
           3.04770          0.452581
           3.04949          0.453008
           3.05129          0.452937
           3.05308          0.452468
           3.05488          0.452378
           3.05668          0.452582
           3.05849          0.452538
           3.06029          0.452497
           3.06210          0.452697
           3.06391          0.452867
           3.06572          0.452643
           3.06754          0.452399
           3.06935          0.452495
           3.07117          0.452273
           3.07299          0.452374
           3.07481          0.452605
           3.07664          0.452347
           3.07847          0.452160
           3.08029          0.452109
           3.08213          0.452101
           3.08396          0.452111
           3.08579          0.451985
           3.08763          0.451918
           3.08947          0.452086
           3.09131          0.452170
           3.09316          0.452183
           3.09501          0.452212
           3.09685          0.452271
           3.09871          0.452086
           3.10056          0.451869
           3.10241          0.451870
           3.10427          0.452055
           3.10613          0.452052
           3.10799          0.452124
           3.10986          0.452132
           3.11173          0.451990
           3.11359          0.452091
           3.11547          0.451936
           3.11734          0.451941
           3.11921          0.452186
           3.12109          0.452351
           3.12297          0.452350
           3.12486          0.452373
           3.12674          0.452239
           3.12863          0.452171
           3.13052          0.452296
           3.13241          0.452320
           3.13430          0.452351
           3.13620          0.452409
           3.13810          0.452342
           3.14000          0.452209
           3.14190          0.452018
           3.14381          0.452266
           3.14571          0.452617
           3.14762          0.452729
           3.14954          0.452620
           3.15145          0.452590
           3.15337          0.452500
           3.15529          0.452515
           3.15721          0.452623
           3.15913          0.452587
           3.16106          0.452736
           3.16299          0.452833
           3.16492          0.452839
           3.16685          0.452952
           3.16879          0.453076
           3.17072          0.453232
           3.17267          0.453152
           3.17461          0.452957
           3.17655          0.453029
           3.17850          0.453142
           3.18045          0.453368
           3.18240          0.453459
           3.18436          0.453495
           3.18632          0.453621
           3.18827          0.453595
           3.19024          0.453692
           3.19220          0.453850
           3.19417          0.453868
           3.19614          0.453968
           3.19811          0.453772
           3.20008          0.453662
           3.20206          0.453896
           3.20404          0.454060
           3.20602          0.454176
           3.20800          0.453991
           3.20999          0.453921
           3.21198          0.454075
           3.21397          0.454300
           3.21596          0.454273
           3.21796          0.454212
           3.21996          0.454255
           3.22196          0.454181
           3.22396          0.454156
           3.22597          0.454153
           3.22798          0.454207
           3.22999          0.454392
           3.23200          0.454608
           3.23402          0.454700
           3.23604          0.454502
           3.23806          0.454485
           3.24008          0.454718
           3.24211          0.455038
           3.24414          0.455328
           3.24617          0.455418
           3.24820          0.455461
           3.25024          0.455523
           3.25228          0.455550
           3.25432          0.455675
           3.25637          0.455686
           3.25841          0.455649
           3.26046          0.455482
           3.26251          0.455343
           3.26457          0.455335
           3.26663          0.455349
           3.26869          0.455331
           3.27075          0.455364
           3.27281          0.455606
           3.27488          0.455724
           3.27695          0.455603
           3.27902          0.455613
           3.28110          0.456068
           3.28318          0.456465
           3.28526          0.456501
           3.28734          0.456521
           3.28943          0.456449
           3.29151          0.456681
           3.29361          0.457031
           3.29570          0.457182
           3.29780          0.457164
           3.29990          0.457087
           3.30200          0.457107
           3.30410          0.457062
           3.30621          0.456896
           3.30832          0.456833
           3.31043          0.456907
           3.31255          0.456959
           3.31466          0.457256
           3.31679          0.457706
           3.31891          0.457933
           3.32103          0.458290
           3.32316          0.458905
           3.32529          0.459327
           3.32743          0.459656
           3.32957          0.459983
           3.33171          0.460294
           3.33385          0.460658
           3.33599          0.460676
           3.33814          0.460726
           3.34029          0.460746
           3.34245          0.460708
           3.34460          0.460679
           3.34676          0.460864
           3.34892          0.460934
           3.35109          0.460862
           3.35326          0.460615
           3.35543          0.460406
           3.35760          0.460375
           3.35978          0.460352
           3.36196          0.460299
           3.36414          0.460440
           3.36632          0.460487
           3.36851          0.460448
           3.37070          0.460528
           3.37289          0.460595
           3.37509          0.460484
           3.37729          0.460438
           3.37949          0.460689
           3.38169          0.461288
           3.38390          0.461945
           3.38611          0.462541
           3.38832          0.463071
           3.39054          0.463356
           3.39276          0.463299
           3.39498          0.463132
           3.39721          0.463176
           3.39943          0.463071
           3.40166          0.462693
           3.40390          0.462341
           3.40613          0.462037
           3.40837          0.462012
           3.41061          0.461674
           3.41286          0.461294
           3.41511          0.461153
           3.41736          0.461173
           3.41961          0.461484
           3.42187          0.462114
           3.42413          0.462940
           3.42639          0.463827
           3.42866          0.464433
           3.43093          0.465182
           3.43320          0.466133
           3.43548          0.466938
           3.43776          0.467437
           3.44004          0.467745
           3.44232          0.468060
           3.44461          0.468247
           3.44690          0.468399
           3.44919          0.468615
           3.45149          0.468885
           3.45379          0.469330
           3.45609          0.469829
           3.45840          0.469968
           3.46070          0.469931
           3.46302          0.470000
           3.46533          0.470124
           3.46765          0.470144
           3.46997          0.470018
           3.47229          0.469955
           3.47462          0.469954
           3.47695          0.470166
           3.47929          0.470328
           3.48162          0.470531
           3.48396          0.470558
           3.48630          0.470602
           3.48865          0.470774
           3.49100          0.470994
           3.49335          0.470913
           3.49571          0.470813
           3.49807          0.470932
           3.50043          0.471214
           3.50279          0.471575
           3.50516          0.471906
           3.50753          0.472331
           3.50991          0.472927
           3.51229          0.473550
           3.51467          0.474231
           3.51705          0.474657
           3.51944          0.475043
           3.52183          0.475470
           3.52423          0.475702
           3.52662          0.475797
           3.52902          0.475935
           3.53143          0.476219
           3.53383          0.476481
           3.53624          0.476609
           3.53866          0.476586
           3.54108          0.476753
           3.54350          0.476877
           3.54592          0.476928
           3.54835          0.477168
           3.55078          0.477358
           3.55321          0.477438
           3.55565          0.477358
           3.55809          0.477366
           3.56053          0.477497
           3.56298          0.477682
           3.56543          0.477623
           3.56788          0.477658
           3.57034          0.477728
           3.57280          0.477627
           3.57527          0.477535
           3.57773          0.477591
           3.58020          0.477530
           3.58268          0.477430
           3.58516          0.477591
           3.58764          0.477699
           3.59012          0.477486
           3.59261          0.477412
           3.59510          0.477460
           3.59760          0.477416
           3.60009          0.477358
           3.60260          0.477381
           3.60510          0.477332
           3.60761          0.477345
           3.61012          0.477275
           3.61264          0.476990
           3.61516          0.476948
           3.61768          0.477062
           3.62021          0.477072
           3.62274          0.477090
           3.62527          0.477067
           3.62781          0.477124
           3.63035          0.477069
           3.63289          0.476880
           3.63544          0.476638
           3.63799          0.476522
           3.64054          0.476617
           3.64310          0.476522
           3.64566          0.476278
           3.64823          0.475925
           3.65080          0.475791
           3.65337          0.475745
           3.65595          0.475738
           3.65853          0.475746
           3.66111          0.475673
           3.66370          0.475427
           3.66629          0.475246
           3.66889          0.475229
           3.67148          0.475128
           3.67409          0.475090
           3.67669          0.474894
           3.67930          0.474632
           3.68191          0.474454
           3.68453          0.474352
           3.68715          0.474068
           3.68978          0.473865
           3.69240          0.473699
           3.69504          0.473444
           3.69767          0.473287
           3.70031          0.473120
           3.70295          0.472816
           3.70560          0.472598
           3.70825          0.472384
           3.71091          0.472292
           3.71356          0.472004
           3.71623          0.471669
           3.71889          0.471374
           3.72156          0.471130
           3.72423          0.470814
           3.72691          0.470436
           3.72959          0.470130
           3.73228          0.469882
           3.73497          0.469471
           3.73766          0.469221
           3.74036          0.469034
           3.74306          0.468579
           3.74576          0.468177
           3.74847          0.467910
           3.75118          0.467573
           3.75390          0.467095
           3.75662          0.466748
           3.75934          0.466512
           3.76207          0.466213
           3.76480          0.466004
           3.76754          0.465598
           3.77028          0.465148
           3.77302          0.464904
           3.77577          0.464649
           3.77852          0.464382
           3.78128          0.464009
           3.78404          0.463534
           3.78680          0.463222
           3.78957          0.462865
           3.79234          0.462495
           3.79512          0.462137
           3.79790          0.461715
           3.80069          0.461274
           3.80347          0.461011
           3.80627          0.460728
           3.80906          0.460430
           3.81186          0.459996
           3.81467          0.459654
           3.81748          0.459515
           3.82029          0.459497
           3.82311          0.459294
           3.82593          0.458856
           3.82876          0.458314
           3.83159          0.457969
           3.83442          0.457660
           3.83726          0.457393
           3.84010          0.457154
           3.84295          0.456796
           3.84580          0.456338
           3.84865          0.456022
           3.85151          0.455683
           3.85438          0.455299
           3.85724          0.454883
           3.86012          0.454508
           3.86299          0.454325
           3.86587          0.454035
           3.86876          0.453597
           3.87165          0.453163
           3.87454          0.452775
           3.87744          0.452428
           3.88034          0.452029
           3.88325          0.451700
           3.88616          0.451137
           3.88907          0.450607
           3.89199          0.450139
           3.89492          0.449640
           3.89785          0.449183
           3.90078          0.448846
           3.90372          0.448362
           3.90666          0.447881
           3.90960          0.447490
           3.91255          0.446922
           3.91551          0.446261
           3.91847          0.445867
           3.92143          0.445502
           3.92440          0.445096
           3.92738          0.444505
           3.93035          0.443988
           3.93333          0.443482
           3.93632          0.442933
           3.93931          0.442481
           3.94231          0.441812
           3.94531          0.441154
           3.94831          0.440728
           3.95132          0.440264
           3.95434          0.439783
           3.95735          0.439400
           3.96038          0.438937
           3.96341          0.438410
           3.96644          0.437901
           3.96948          0.437452
           3.97252          0.437043
           3.97556          0.436755
           3.97861          0.436376
           3.98167          0.435945
           3.98473          0.435647
           3.98780          0.435306
           3.99087          0.435068
           3.99394          0.434608
           3.99702          0.434219
           4.00010          0.434003
           4.00319          0.433730
           4.00629          0.433343
           4.00939          0.432923
           4.01249          0.432396
           4.01560          0.431958
           4.01871          0.431514
           4.02183          0.431161
           4.02495          0.430825
           4.02808          0.430485
           4.03121          0.429987
           4.03435          0.429490
           4.03749          0.428992
           4.04064          0.428524
           4.04379          0.428099
           4.04694          0.427765
           4.05011          0.427317
           4.05327          0.426739
           4.05644          0.426180
           4.05962          0.425756
           4.06280          0.425203
           4.06599          0.424695
           4.06918          0.424201
           4.07238          0.423825
           4.07558          0.423313
           4.07878          0.422768
           4.08200          0.422280
           4.08521          0.421730
           4.08843          0.421176
           4.09166          0.420673
           4.09489          0.420189
           4.09813          0.419623
           4.10137          0.419194
           4.10462          0.418772
           4.10787          0.418230
           4.11113          0.417708
           4.11439          0.417072
           4.11766          0.416496
           4.12093          0.415959
           4.12421          0.415494
           4.12750          0.415082
           4.13079          0.414750
           4.13408          0.414350
           4.13738          0.413887
           4.14068          0.413352
           4.14399          0.412899
           4.14731          0.412473
           4.15063          0.411938
           4.15395          0.411418
           4.15729          0.411086
           4.16062          0.410644
           4.16396          0.410127
           4.16731          0.409669
           4.17066          0.409292
           4.17402          0.408810
           4.17739          0.408396
           4.18075          0.407996
           4.18413          0.407605
           4.18751          0.407078
           4.19089          0.406664
           4.19428          0.406298
           4.19768          0.405900
           4.20108          0.405516
           4.20449          0.405035
           4.20790          0.404496
           4.21132          0.404035
           4.21474          0.403614
           4.21817          0.403300
           4.22161          0.403002
           4.22505          0.402593
           4.22850          0.402276
           4.23195          0.402037
           4.23540          0.401670
           4.23887          0.401543
           4.24234          0.401364
           4.24581          0.401029
           4.24929          0.400615
           4.25278          0.400371
           4.25627          0.399959
           4.25977          0.399023
           4.26327          0.398037
           4.26678          0.397596
           4.27029          0.397365
           4.27381          0.397329
           4.27734          0.397133
           4.28087          0.396552
           4.28441          0.396120
           4.28795          0.395967
           4.29150          0.395711
           4.29506          0.395316
           4.29862          0.394860
           4.30219          0.394567
           4.30576          0.394344
           4.30934          0.394037
           4.31292          0.393659
           4.31652          0.393426
           4.32011          0.393011
           4.32372          0.392655
           4.32732          0.392431
           4.33094          0.392169
           4.33456          0.391896
           4.33819          0.391597
           4.34182          0.391304
           4.34546          0.391052
           4.34911          0.390875
           4.35276          0.390697
           4.35642          0.390387
           4.36008          0.390062
           4.36375          0.389919
           4.36743          0.389856
           4.37111          0.389687
           4.37480          0.389422
           4.37849          0.389186
           4.38219          0.389077
           4.38590          0.388843
           4.38961          0.388504
           4.39333          0.388291
           4.39706          0.388113
           4.40079          0.387876
           4.40453          0.387792
           4.40828          0.387530
           4.41203          0.387275
           4.41579          0.387003
           4.41955          0.386827
           4.42332          0.386604
           4.42710          0.386416
           4.43088          0.386154
           4.43468          0.385969
           4.43847          0.385698
           4.44228          0.385464
           4.44608          0.385297
           4.44990          0.385056
           4.45372          0.384868
           4.45755          0.384714
           4.46139          0.384367
           4.46523          0.383988
           4.46908          0.383649
           4.47294          0.383510
           4.47680          0.383309
           4.48067          0.383106
           4.48455          0.382867
           4.48843          0.382530
           4.49232          0.382080
           4.49621          0.381798
           4.50012          0.381466
           4.50403          0.380977
           4.50794          0.380429
           4.51187          0.379787
           4.51580          0.379010
           4.51973          0.378280
           4.52368          0.377444
           4.52763          0.376490
           4.53159          0.375277
           4.53555          0.373795
           4.53952          0.372185
           4.54350          0.370740
           4.54749          0.369175
           4.55148          0.367573
           4.55548          0.365962
           4.55949          0.364345
           4.56350          0.362684
           4.56752          0.360954
           4.57155          0.358999
           4.57558          0.357084
           4.57963          0.355063
           4.58367          0.352804
           4.58773          0.350617
           4.59179          0.348436
           4.59586          0.346173
           4.59994          0.343782
           4.60403          0.341184
           4.60812          0.338521
           4.61222          0.335679
           4.61633          0.332815
           4.62044          0.330021
           4.62456          0.327200
           4.62869          0.324375
           4.63283          0.321677
           4.63697          0.319024
           4.64112          0.316445
           4.64528          0.313955
           4.64945          0.311502
           4.65362          0.309047
           4.65780          0.306773
           4.66199          0.304624
           4.66619          0.302471
           4.67039          0.300442
           4.67460          0.298913
           4.67882          0.297608
           4.68305          0.296253
           4.68728          0.295119
           4.69152          0.294099
           4.69577          0.293014
           4.70003          0.292067
           4.70430          0.291141
           4.70857          0.290115
           4.71285          0.289123
           4.71714          0.288138
           4.72143          0.287029
           4.72574          0.286055
           4.73005          0.284929
           4.73437          0.283668
           4.73870          0.282237
           4.74303          0.280640
           4.74738          0.278857
           4.75173          0.276926
           4.75609          0.274916
           4.76045          0.272670
           4.76483          0.270370
           4.76921          0.268186
           4.77360          0.265846
           4.77800          0.263508
           4.78241          0.261192
           4.78683          0.258847
           4.79125          0.256389
           4.79568          0.253876
           4.80013          0.251531
           4.80457          0.249307
           4.80903          0.247039
           4.81350          0.244907
           4.81797          0.242999
           4.82245          0.241125
           4.82694          0.239450
           4.83144          0.238160
           4.83595          0.237062
           4.84046          0.236038
           4.84499          0.235419
           4.84952          0.235064
           4.85406          0.234837
           4.85861          0.234754
           4.86317          0.234642
           4.86773          0.234749
           4.87231          0.234948
           4.87689          0.235199
           4.88148          0.235518
           4.88608          0.235881
           4.89069          0.236207
           4.89531          0.236540
           4.89994          0.236812
           4.90457          0.237102
           4.90922          0.237314
           4.91387          0.237449
           4.91853          0.237676
           4.92321          0.237867
           4.92788          0.237858
           4.93257          0.237845
           4.93727          0.237848
           4.94198          0.237637
           4.94669          0.237571
           4.95142          0.237501
           4.95615          0.237255
           4.96090          0.236868
           4.96565          0.236413
           4.97041          0.236066
           4.97518          0.235704
           4.97996          0.235248
           4.98475          0.234688
           4.98954          0.234163
           4.99435          0.233490
           4.99917          0.232716
           5.00399          0.231903
           5.00883          0.230867
           5.01367          0.229710
           5.01852          0.228647
           5.02339          0.227473
           5.02826          0.226060
           5.03314          0.224453
           5.03803          0.222698
           5.04293          0.220782
           5.04784          0.218855
           5.05276          0.216989
           5.05769          0.214968
           5.06263          0.212857
           5.06758          0.210814
           5.07254          0.208740
           5.07751          0.206680
           5.08249          0.204707
           5.08747          0.202755
           5.09247          0.200889
           5.09748          0.198966
           5.10250          0.197099
           5.10752          0.195360
           5.11256          0.193558
           5.11761          0.191745
           5.12266          0.189997
           5.12773          0.188348
           5.13281          0.186787
           5.13789          0.185368
           5.14299          0.184200
           5.14810          0.183351
           5.15322          0.183087
           5.15834          0.183352
           5.16348          0.184058
           5.16863          0.185203
           5.17379          0.186630
           5.17896          0.188428
           5.18413          0.190721
           5.18932          0.193162
           5.19452          0.195528
           5.19973          0.198035
           5.20496          0.200539
           5.21019          0.202872
           5.21543          0.205032
           5.22068          0.207503
           5.22594          0.209650
           5.23122          0.211376
           5.23650          0.212954
           5.24179          0.214517
           5.24710          0.216055
           5.25242          0.217405
           5.25774          0.218810
           5.26308          0.220247
           5.26843          0.221609
           5.27379          0.223270
           5.27916          0.225078
           5.28454          0.227117
           5.28993          0.229306
           5.29534          0.231716
           5.30075          0.234110
           5.30618          0.236110
           5.31161          0.238157
           5.31706          0.239962
           5.32252          0.241477
           5.32799          0.242718
           5.33347          0.243529
           5.33896          0.244194
           5.34447          0.244631
           5.34998          0.244775
           5.35551          0.244881
           5.36105          0.244639
           5.36660          0.244113
           5.37216          0.243518
           5.37773          0.242415
           5.38332          0.240945
           5.38891          0.239476
           5.39452          0.237727
           5.40014          0.235732
           5.40577          0.233822
           5.41141          0.231893
           5.41707          0.229966
           5.42274          0.228082
           5.42841          0.226739
           5.43410          0.225572
           5.43981          0.224368
           5.44552          0.223654
           5.45125          0.223168
           5.45698          0.222734
           5.46273          0.222496
           5.46850          0.222731
           5.47427          0.223217
           5.48006          0.223559
           5.48586          0.224338
           5.49167          0.225266
           5.49749          0.226258
           5.50333          0.227542
           5.50918          0.228894
           5.51504          0.230160
           5.52091          0.231370
           5.52680          0.232394
           5.53269          0.232993
           5.53861          0.233084
           5.54453          0.232608
           5.55047          0.231497
           5.55641          0.229858
           5.56238          0.227732
           5.56835          0.225143
           5.57434          0.222422
           5.58034          0.220000
           5.58635          0.218128
           5.59238          0.216614
           5.59842          0.215145
           5.60447          0.213973
           5.61054          0.213306
           5.61661          0.212427
           5.62271          0.211769
           5.62881          0.211311
           5.63493          0.210755
           5.64106          0.210000
           5.64721          0.209513
           5.65336          0.209181
           5.65954          0.208426
           5.66572          0.208071
           5.67192          0.207551
           5.67813          0.206994
           5.68436          0.206701
           5.69060          0.206287
           5.69685          0.205903
           5.70312          0.205666
           5.70940          0.204960
           5.71569          0.204465
           5.72200          0.204149
           5.72833          0.203511
           5.73466          0.202748
           5.74101          0.201923
           5.74738          0.201081
           5.75376          0.200550
           5.76015          0.200236
           5.76656          0.199447
           5.77298          0.199690
           5.77941          0.199999
           5.78586          0.199663
           5.79233          0.199662
           5.79881          0.199681
           5.80530          0.199727
           5.81181          0.199817
           5.81833          0.199465
           5.82487          0.199269
           5.83142          0.199860
           5.83799          0.199850
           5.84457          0.199667
           5.85117          0.199678
           5.85778          0.199765
           5.86441          0.200022
           5.87105          0.200403
           5.87770          0.200249
           5.88438          0.200010
           5.89106          0.200446
           5.89776          0.199292
           5.90448          0.198482
           5.91121          0.197268
           5.91796          0.194967
           5.92473          0.192593
           5.93150          0.189741
           5.93830          0.186645
           5.94511          0.183668
           5.95193          0.180112
           5.95878          0.175930
           5.96563          0.171844
           5.97251          0.167718
           5.97939          0.164132
           5.98630          0.160623
           5.99322          0.157640
           6.00016          0.155269
           6.00711          0.153433
           6.01408          0.151960
           6.02106          0.151268
           6.02806          0.150730
           6.03508          0.150365
           6.04212          0.150115
           6.04917          0.149903
           6.05623          0.150803
           6.06332          0.151636
           6.07042          0.151342
           6.07753          0.151748
           6.08467          0.152468
           6.09182          0.152797
           6.09898          0.152882
           6.10617          0.152934
           6.11337          0.152772
           6.12058          0.152936
           6.12782          0.152648
           6.13507          0.151887
           6.14234          0.150918
           6.14963          0.149707
           6.15693          0.148405
           6.16425          0.147028
           6.17159          0.145521
           6.17895          0.143852
           6.18632          0.142224
           6.19371          0.141165
           6.20112          0.140260
           6.20854          0.139391
           6.21599          0.138868
           6.22345          0.138704
           6.23093          0.138891
           6.23843          0.139184
           6.24595          0.139418
           6.25348          0.139711
           6.26103          0.139833
           6.26860          0.139786
           6.27619          0.139699
           6.28380          0.139580
           6.29143          0.139419
           6.29907          0.139311
           6.30673          0.139269
           6.31442          0.139403
           6.32212          0.139835
           6.32984          0.140571
           6.33757          0.141614
           6.34533          0.142679
           6.35311          0.144657
           6.36090          0.146518
           6.36872          0.148027
           6.37655          0.150170
           6.38440          0.152497
           6.39227          0.154320
           6.40017          0.156256
           6.40808          0.157742
           6.41601          0.158941
           6.42396          0.161247
           6.43193          0.162611
           6.43992          0.163200
           6.44793          0.163911
           6.45596          0.164264
           6.46401          0.164837
           6.47208          0.165185
           6.48017          0.165524
           6.48828          0.165657
           6.49641          0.165994
           6.50456          0.166539
           6.51273          0.166580
           6.52092          0.165990
           6.52914          0.165860
           6.53737          0.165326
           6.54563          0.164261
           6.55390          0.163099
           6.56220          0.161959
           6.57051          0.160355
           6.57885          0.158673
           6.58721          0.157344
           6.59559          0.155963
           6.60399          0.154917
           6.61242          0.153896
           6.62086          0.153232
           6.62933          0.152867
           6.63782          0.152538
           6.64633          0.153103
           6.65486          0.153947
           6.66341          0.154297
           6.67199          0.154924
           6.68059          0.155780
           6.68921          0.156896
           6.69785          0.157846
           6.70651          0.158075
           6.71520          0.158381
           6.72391          0.158797
           6.73264          0.159123
           6.74140          0.159216
           6.75018          0.159213
           6.75898          0.159290
           6.76780          0.159224
           6.77665          0.159005
           6.78552          0.158902
           6.79441          0.158836
           6.80333          0.158905
           6.81227          0.158684
           6.82123          0.158283
           6.83022          0.157837
           6.83923          0.157702
           6.84826          0.157426
           6.85732          0.156761
           6.86640          0.155973
           6.87551          0.155807
           6.88464          0.155495
           6.89380          0.155020
           6.90298          0.154523
           6.91218          0.153891
           6.92141          0.153404
           6.93066          0.152664
           6.93994          0.151988
           6.94924          0.151443
           6.95857          0.150902
           6.96792          0.150568
           6.97730          0.150417
           6.98670          0.149887
           6.99613          0.149575
           7.00559          0.149337
           7.01507          0.149090
           7.02457          0.148740
           7.03410          0.148614
           7.04366          0.148293
           7.05325          0.148346
           7.06285          0.148596
           7.07249          0.148395
           7.08215          0.148164
           7.09184          0.147923
           7.10155          0.147766
           7.11130          0.147590
           7.12106          0.147095
           7.13086          0.146485
           7.14068          0.145759
           7.15053          0.144940
           7.16041          0.144094
           7.17031          0.143060
           7.18024          0.142231
           7.19020          0.141383
           7.20019          0.140449
           7.21020          0.139693
           7.22024          0.138932
           7.23031          0.138079
           7.24041          0.137128
           7.25054          0.136158
           7.26069          0.135150
           7.27088          0.134050
           7.28109          0.132908
           7.29133          0.131933
           7.30160          0.130737
           7.31190          0.129488
           7.32222          0.128258
           7.33258          0.126957
           7.34297          0.125543
           7.35338          0.124064
           7.36383          0.122516
           7.37430          0.120937
           7.38481          0.119210
           7.39534          0.117795
           7.40591          0.116820
           7.41650          0.116340
           7.42713          0.116244
           7.43778          0.116407
           7.44847          0.116476
           7.45919          0.116134
           7.46994          0.115416
           7.48071          0.114614
           7.49152          0.113488
           7.50237          0.112130
           7.51324          0.110896
           7.52414          0.110084
           7.53508          0.109482
           7.54605          0.109045
           7.55705          0.108707
           7.56808          0.108167
           7.57915          0.107357
           7.59024          0.106491
           7.60137          0.105594
           7.61253          0.104859
           7.62373          0.103973
           7.63496          0.103035
           7.64622          0.102073
           7.65751          0.101039
           7.66884          0.100013
           7.68020          0.098978
           7.69159          0.097669
           7.70302          0.096282
           7.71449          0.094791
           7.72598          0.093384
           7.73752          0.092011
           7.74908          0.090582
           7.76068          0.089244
           7.77232          0.087864
           7.78399          0.086481
           7.79569          0.085367
           7.80743          0.084281
           7.81921          0.083078
           7.83102          0.081671
           7.84287          0.080229
           7.85475          0.078778
           7.86667          0.077131
           7.87862          0.075423
           7.89062          0.073862
           7.90264          0.072252
           7.91471          0.070676
           7.92681          0.069022
           7.93895          0.067313
           7.95113          0.065654
           7.96334          0.064000
           7.97559          0.062183
           7.98788          0.060521
           8.00021          0.058791
           8.01257          0.056996
           8.02498          0.055286
           8.03742          0.053825
           8.04990          0.052218
           8.06242          0.050419
           8.07498          0.048647
           8.08757          0.047052
           8.10021          0.045339
           8.11289          0.043447
           8.12560          0.041529
           8.13836          0.039750
           8.15116          0.037769
           8.16399          0.035898
           8.17687          0.034069
           8.18979          0.032362
           8.20275          0.030572
           8.21575          0.028777
           8.22879          0.027069
           8.24187          0.025494
           8.25499          0.023951
           8.26816          0.022492
           8.28137          0.021158
           8.29462          0.019977
           8.30791          0.018849
           8.32124          0.017831
           8.33462          0.016841
           8.34804          0.016175
           8.36151          0.015570
           8.37502          0.015087
           8.38857          0.014981
           8.40216          0.015257
           8.41580          0.015941
           8.42949          0.017422
           8.44322          0.019761
           8.45699          0.023567
           8.47081          0.029202
           8.48467          0.036640
           8.49858          0.046440
           8.51254          0.058991
           8.52654          0.074212
           8.54058          0.092165
           8.55468          0.112634
           8.56882          0.135328
           8.58300          0.159787
           8.59724          0.185705
           8.61152          0.212641
           8.62585          0.239792
           8.64023          0.266507
           8.65465          0.292312
           8.66912          0.316591
           8.68364          0.338196
           8.69821          0.356060
           8.71283          0.367820
           8.72750          0.369990
           8.74222          0.359619
           8.75699          0.340863
           8.77180          0.328098
           8.78667          0.333770
           8.80159          0.352773
           8.81656          0.370790
           8.83158          0.378414
           8.84665          0.374551
           8.86177          0.362596
           8.87694          0.347287
           8.89217          0.331628
           8.90745          0.318380
           8.92278          0.309949
           8.93816          0.306645
           8.95360          0.305976
           8.96909          0.306022
           8.98464          0.305660
           9.00023          0.304531
           9.01589          0.303289
           9.03159          0.302242
           9.04736          0.300979
           9.06317          0.299822
           9.07905          0.298499
           9.09497          0.297203
           9.11096          0.296141
           9.12700          0.295268
           9.14310          0.294562
           9.15925          0.294286
           9.17546          0.294225
           9.19173          0.294773
           9.20806          0.295636
           9.22444          0.296914
           9.24088          0.298593
           9.25738          0.300689
           9.27394          0.302991
           9.29056          0.305781
           9.30724          0.308948
           9.32398          0.312117
           9.34078          0.315028
           9.35764          0.317709
           9.37457          0.319769
           9.39155          0.321386
           9.40859          0.322143
           9.42570          0.321603
           9.44287          0.319695
           9.46010          0.316599
           9.47740          0.312142
           9.49475          0.306693
           9.51217          0.300172
           9.52966          0.292577
           9.54721          0.283870
           9.56483          0.273930
           9.58250          0.262496
           9.60025          0.249541
           9.61806          0.235297
           9.63594          0.220354
           9.65388          0.205415
           9.67189          0.191040
           9.68997          0.178432
           9.70812          0.167939
           9.72633          0.159641
           9.74462          0.153839
           9.76297          0.150723
           9.78139          0.150761
           9.79988          0.154151
           9.81844          0.160633
           9.83707          0.169396
           9.85577          0.179062
           9.87454          0.188081
           9.89339          0.195366
           9.91230          0.200487
           9.93129          0.202365
           9.95036          0.200740
           9.96949          0.196242
           9.98870          0.190482
          10.00798          0.185429
          10.02734          0.183166
          10.04677          0.185555
          10.06628          0.192079
          10.08587          0.200631
          10.10553          0.208657
          10.12526          0.217146
          10.14508          0.229259
          10.16497          0.244496
          10.18494          0.259197
          10.20499          0.269763
          10.22512          0.273831
          10.24533          0.270963
          10.26561          0.262077
          10.28598          0.248533
          10.30643          0.233006
          10.32696          0.220517
          10.34757          0.214513
          10.36827          0.215469
          10.38905          0.220383
          10.40991          0.225467
          10.43086          0.228722
          10.45188          0.229704
          10.47300          0.228244
          10.49420          0.224973
          10.51549          0.220624
          10.53686          0.215639
          10.55832          0.210681
          10.57987          0.206273
          10.60150          0.202787
          10.62323          0.200829
          10.64504          0.200316
          10.66694          0.201593
          10.68894          0.204571
          10.71102          0.208490
          10.73320          0.212222
          10.75547          0.214798
          10.77783          0.215250
          10.80028          0.212584
          10.82283          0.206539
          10.84547          0.197701
          10.86821          0.186787
          10.89104          0.174045
          10.91397          0.160101
          10.93699          0.146987
          10.96012          0.136404
          10.98334          0.129752
          11.00666          0.127772
          11.03007          0.129748
          11.05359          0.134090
          11.07721          0.138745
          11.10093          0.141717
          11.12475          0.142625
          11.14868          0.142991
          11.17271          0.144680
          11.19684          0.149804
          11.22107          0.159790
          11.24541          0.173336
          11.26986          0.187150
          11.29441          0.198592
          11.31907          0.206333
          11.34384          0.210418
          11.36872          0.212085
          11.39370          0.211908
          11.41880          0.210148
          11.44401          0.207623
          11.46933          0.204361
          11.49476          0.200505
          11.52030          0.196509
          11.54596          0.192346
          11.57173          0.188039
          11.59762          0.183794
          11.62362          0.179744
          11.64974          0.175702
          11.67598          0.171219
          11.70234          0.166210
          11.72881          0.160528
          11.75541          0.154266
          11.78213          0.147997
          11.80896          0.142360
          11.83592          0.137799
          11.86301          0.134001
          11.89022          0.130599
          11.91755          0.127844
          11.94501          0.125479
          11.97260          0.122990
          12.00031          0.120631
          12.02816          0.118816
          12.05613          0.117242
          12.08423          0.115838
          12.11246          0.114804
          12.14083          0.113861
          12.16933          0.112537
          12.19796          0.111248
          12.22673          0.110166
          12.25564          0.109507
          12.28468          0.108743
          12.31386          0.107970
          12.34318          0.107234
          12.37264          0.106489
          12.40224          0.105658
          12.43198          0.104763
          12.46186          0.104148
          12.49189          0.103837
          12.52207          0.103362
          12.55238          0.102948
          12.58285          0.102397
          12.61347          0.101736
          12.64423          0.100970
          12.67515          0.100017
          12.70621          0.099369
          12.73743          0.098736
          12.76881          0.097895
          12.80033          0.097281
          12.83202          0.096589
          12.86386          0.095748
          12.89586          0.095280
          12.92802          0.094937
          12.96034          0.094244
          12.99282          0.093245
          13.02546          0.092042
          13.05827          0.090847
          13.09125          0.089468
          13.12439          0.088047
          13.15770          0.086504
          13.19118          0.085094
          13.22483          0.083464
          13.25866          0.081574
          13.29265          0.079077
          13.32683          0.076303
          13.36117          0.073414
          13.39570          0.070966
          13.43040          0.069907
          13.46529          0.070349
          13.50035          0.070681
          13.53560          0.070044
          13.57103          0.068414
          13.60665          0.066482
          13.64246          0.065302
          13.67846          0.065387
          13.71464          0.067786
          13.75102          0.072482
          13.78759          0.076490
          13.82436          0.077658
          13.86132          0.076693
          13.89849          0.074904
          13.93585          0.073140
          13.97341          0.071651
          14.01117          0.069889
          14.04915          0.067891
          14.08732          0.066559
          14.12571          0.065026
          14.16430          0.063856
          14.20311          0.063404
          14.24213          0.063995
          14.28136          0.065909
          14.32081          0.069778
          14.36049          0.075842
          14.40038          0.082507
          14.44049          0.088064
          14.48082          0.091147
          14.52139          0.090646
          14.56218          0.087334
          14.60320          0.082607
          14.64445          0.077670
          14.68593          0.073312
          14.72766          0.069869
          14.76962          0.067496
          14.81181          0.066106
          14.85425          0.064456
          14.89694          0.062566
          14.93987          0.060493
          14.98305          0.057745
          15.02648          0.054656
          15.07016          0.051442
          15.11410          0.049317
          15.15829          0.048556
          15.20274          0.050239
          15.24746          0.054905
          15.29243          0.061494
          15.33768          0.068236
          15.38319          0.073000
          15.42897          0.075027
          15.47503          0.075115
          15.52136          0.073651
          15.56797          0.071308
          15.61487          0.068554
          15.66204          0.065590
          15.70950          0.062923
          15.75725          0.061347
          15.80529          0.060542
          15.85362          0.060874
          15.90226          0.062910
          15.95119          0.066757
          16.00042          0.072548
          16.04995          0.080741
          16.09980          0.091119
          16.14995          0.103487
          16.20042          0.116546
          16.25121          0.129279
          16.30231          0.141493
          16.35374          0.153130
          16.40549          0.163452
          16.45757          0.171935
          16.50998          0.179160
          16.56273          0.185244
          16.61582          0.190071
          16.66924          0.194995
          16.72302          0.199847
          16.77714          0.204379
          16.83161          0.209177
          16.88643          0.215094
          16.94162          0.221731
          16.99716          0.229267
          17.05308          0.237766
          17.10936          0.246642
          17.16601          0.255809
          17.22304          0.264481
          17.28045          0.271500
          17.33824          0.276319
          17.39643          0.277958
          17.45500          0.275360
          17.51397          0.269220
          17.57334          0.261783
          17.63311          0.254825
          17.69329          0.249787
          17.75389          0.245712
          17.81490          0.243811
          17.87633          0.245189
          17.93818          0.247296
          18.00047          0.248556
          18.06319          0.249158
          18.12635          0.252119
          18.18995          0.259215
          18.25400          0.266900
          18.31850          0.270462
          18.38346          0.267567
          18.44888          0.259692
          18.51477          0.249225
          18.58113          0.240109
          18.64797          0.235716
          18.71529          0.236419
          18.78310          0.236920
          18.85140          0.234254
          18.92020          0.232759
          18.98951          0.238907
          19.05932          0.253171
          19.12965          0.271554
          19.20050          0.289648
          19.27188          0.303942
          19.34379          0.312955
          19.41624          0.317286
          19.48923          0.316913
          19.56277          0.313886
          19.63688          0.309041
          19.71154          0.303911
          19.78678          0.298468
          19.86259          0.292265
          19.93898          0.285975
          20.01596          0.278236
          20.09355          0.268834
          20.17173          0.258633
          20.25053          0.247659
          20.32994          0.236362
          20.40998          0.224831
          20.49065          0.214772
          20.57196          0.205142
          20.65392          0.195456
          20.73654          0.187096
          20.81982          0.179759
          20.90377          0.171574
          20.98840          0.162590
          21.07372          0.154770
          21.15973          0.149372
          21.24646          0.149075
          21.33389          0.156164
          21.42204          0.165182
          21.51093          0.174221
          21.60056          0.185263
          21.69094          0.199969
          21.78208          0.215811
          21.87399          0.230024
          21.96667          0.239937
          22.06015          0.244722
          22.15442          0.245930
          22.24951          0.244871
          22.34541          0.240837
          22.44214          0.234573
          22.53972          0.224566
          22.63814          0.211142
          22.73743          0.194928
          22.83760          0.180521
          22.93865          0.168564
          23.04060          0.159920
          23.14346          0.156302
          23.24724          0.156210
          23.35196          0.154503
          23.45763          0.147501
          23.56425          0.138796
          23.67185          0.134227
          23.78044          0.131756
          23.89002          0.127888
          24.00063          0.124476
          24.11226          0.123070
          24.22493          0.123347
          24.33866          0.125568
          24.45347          0.127415
          24.56936          0.134939
          24.68636          0.148041
          24.80447          0.156892
          24.92373          0.166136
          25.04413          0.176990
          25.16571          0.183180
          25.28846          0.181083
          25.41243          0.177597
          25.53761          0.175784
          25.66404          0.170810
          25.79172          0.160352
          25.92068          0.152044