           0.30000          0.694859
           0.30500          0.692504
           0.31000          0.694766
           0.31500          0.703979
           0.32000          0.712829
           0.32500          0.718841
           0.33000          0.725053
           0.33500          0.732015
           0.34000          0.740261
           0.34500          0.746729
           0.35000          0.756670
           0.35500          0.762686
           0.36000          0.772883
           0.36500          0.782292
           0.37000          0.790505
           0.37500          0.797758
           0.38000          0.802996
           0.38500          0.808927
           0.39000          0.815401
           0.39500          0.818605
           0.40000          0.824950
           0.40500          0.828891
           0.41000          0.835011
           0.41500          0.839880
           0.42000          0.842237
           0.42500          0.845390
           0.43000          0.847717
           0.43500          0.849906
           0.44000          0.852707
           0.44500          0.855582
           0.45000          0.856453
           0.45500          0.859086
           0.46000          0.859483
           0.46500          0.861514
           0.47000          0.864616
           0.47500          0.866640
           0.48000          0.867645
           0.48500          0.870379
           0.49000          0.871321
           0.49500          0.872818
           0.50000          0.874218
           0.50500          0.875841
           0.51000          0.877323
           0.51500          0.879473
           0.52000          0.881913
           0.52500          0.881967
           0.53000          0.885024
           0.53500          0.888852
           0.54000          0.889460
           0.54500          0.890657
           0.55000          0.891365
           0.55500          0.888227
           0.56000          0.890045
           0.56500          0.890257
           0.57000          0.891697
           0.57500          0.891617
           0.58000          0.892597
           0.58500          0.892807
           0.59000          0.893810
           0.59500          0.893868
           0.60000          0.894510
           0.60500          0.894750
           0.61000          0.895940
           0.61500          0.895444
           0.62000          0.895553
           0.62500          0.896064
           0.63000          0.895702
           0.63500          0.896234
           0.64000          0.896572
           0.64500          0.896553
           0.65000          0.896652
           0.65500          0.897032
           0.66000          0.898063
           0.66500          0.897568
           0.67000          0.897876
           0.67500          0.897653
           0.68000          0.899388
           0.68500          0.898665
           0.69000          0.899127
           0.69500          0.899106
           0.70000          0.899482
           0.70500          0.898789
           0.71000          0.897394
           0.71500          0.899058
           0.72000          0.899938
           0.72500          0.899766
           0.73000          0.900156
           0.73500          0.899627
           0.74000          0.900398
           0.74500          0.900697
           0.75000          0.900569
           0.75500          0.900845
           0.76000          0.900002
           0.76500          0.902312
           0.77000          0.901559
           0.77500          0.902455
           0.78000          0.902459
           0.78500          0.902844
           0.79000          0.903363
           0.79500          0.902460
           0.80000          0.904942
           0.80500          0.906239
           0.81000          0.905310
           0.81500          0.906612
           0.82000          0.905984
           0.82500          0.906124
           0.83000          0.907348
           0.83500          0.906075
           0.84000          0.906405
           0.84500          0.906276
           0.85000          0.905257
           0.85500          0.902932
           0.86000          0.905842
           0.86500          0.903194
           0.87000          0.904312
           0.87500          0.904623
           0.88000          0.903117
           0.88500          0.902471
           0.89000          0.902681
           0.89500          0.902792
           0.90000          0.901624
           0.90500          0.902716
           0.91000          0.899959
           0.91500          0.901470
           0.92000          0.900411
           0.92500          0.900145
           0.93000          0.900489
           0.93500          0.899423
           0.94000          0.901030
           0.94500          0.899767
           0.95000          0.900354
           0.95500          0.900709
           0.96000          0.900313
           0.96500          0.900448
           0.97000          0.900866
           0.97500          0.901071
           0.98000          0.899878
           0.98500          0.900930
           0.99000          0.899677
           0.99500          0.900050
           1.00000          0.899407
           1.00500          0.901236
           1.01000          0.901810
           1.01500          0.902563
           1.02000          0.902727
           1.02500          0.901893
           1.03000          0.902846
           1.03500          0.902442
           1.04000          0.902641
           1.04500          0.903459
           1.05000          0.902998
           1.05500          0.902787
           1.06000          0.903000
           1.06500          0.904073
           1.07000          0.904734
           1.07500          0.904145
           1.08000          0.903702
           1.08500          0.904478
           1.09000          0.904856
           1.09500          0.904018
           1.10000          0.904278
           1.10500          0.904498
           1.11000          0.905541
           1.11500          0.905316
           1.12000          0.904618
           1.12500          0.905449
           1.13000          0.905147
           1.13500          0.904711
           1.14000          0.904218
           1.14500          0.904861
           1.15000          0.903585
           1.15500          0.903578
           1.16000          0.903800
           1.16500          0.903395
           1.17000          0.903084
           1.17500          0.903631
           1.18000          0.903406
           1.18500          0.902774
           1.19000          0.902894
           1.19500          0.902394
           1.20000          0.901512
           1.20500          0.902078
           1.21000          0.902127
           1.21500          0.900554
           1.22000          0.900137
           1.22500          0.900425
           1.23000          0.900351
           1.23500          0.900362
           1.24000          0.901168
           1.24500          0.901102
           1.25000          0.900815
           1.25500          0.900249
           1.26000          0.901164
           1.26500          0.900676
           1.27000          0.900969
           1.27500          0.899587
           1.28000          0.898704
           1.28500          0.899275
           1.29000          0.899568
           1.29500          0.899561
           1.30000          0.898572
           1.30500          0.897546
           1.31000          0.897654
           1.31500          0.898099
           1.32000          0.897081
           1.32500          0.896695
           1.33000          0.895774
           1.33500          0.895209
           1.34000          0.894095
           1.34500          0.894152
           1.35000          0.892241
           1.35500          0.890176
           1.36000          0.890561
           1.36500          0.886239
           1.37000          0.886123
           1.37500          0.884076
           1.38000          0.883301
           1.38500          0.871724
           1.39000          0.871005
           1.39500          0.867319
           1.40000          0.864677
           1.40500          0.857775
           1.41000          0.851126
           1.41500          0.851602
           1.42000          0.847250
           1.42500          0.844934
           1.43000          0.842503
           1.43500          0.839944
           1.44000          0.838377
           1.44500          0.834986
           1.45000          0.833140
           1.45500          0.831078
           1.46000          0.829882
           1.46500          0.827769
           1.47000          0.827428
           1.47500          0.825429
           1.48000          0.824225
           1.48500          0.823380
           1.49000          0.821734
           1.49500          0.820967
           1.50000          0.820540
           1.50500          0.818772
           1.51000          0.818423
           1.51500          0.817668
           1.52000          0.817856
           1.52500          0.817534
           1.53000          0.817609
           1.53500          0.817053
           1.54000          0.817412
           1.54500          0.817242
           1.55000          0.818042
           1.55500          0.819896
           1.56000          0.819774
           1.56500          0.820178
           1.57000          0.820947
           1.57500          0.822704
           1.58000          0.823202
           1.58500          0.823301
           1.59000          0.823676
           1.59500          0.824038
           1.60000          0.824053
           1.60500          0.825155
           1.61000          0.825058
           1.61500          0.825370
           1.62000          0.826263
           1.62500          0.825555
           1.63000          0.825635
           1.63500          0.825579
           1.64000          0.823096
           1.64500          0.823509
           1.65000          0.822900
           1.65500          0.823911
           1.66000          0.820721
           1.66500          0.821491
           1.67000          0.821549
           1.67500          0.819778
           1.68000          0.819585
           1.68500          0.818995
           1.69000          0.817310
           1.69500          0.816405
           1.70000          0.816646
           1.70500          0.816579
           1.71000          0.816172
           1.71500          0.815167
           1.72000          0.814461
           1.72500          0.814169
           1.73000          0.813479
           1.73500          0.813229
           1.74000          0.812839
           1.74500          0.813430
           1.75000          0.813427
           1.75500          0.813037
           1.76000          0.812073
           1.76500          0.811622
           1.77000          0.811465
           1.77500          0.809839
           1.78000          0.809042
           1.78500          0.807883
           1.79000          0.807062
           1.79500          0.806036
           1.80000          0.804758
           1.80500          0.803825
           1.81000          0.802516
           1.81500          0.800238
           1.82000          0.799997
           1.82500          0.798442
           1.83000          0.796739
           1.83500          0.795755
           1.84000          0.794125
           1.84500          0.789900
           1.85000          0.786945
           1.85500          0.786133
           1.86000          0.787890
           1.86500          0.789833
           1.87000          0.790718
           1.87500          0.785859
           1.88000          0.778006
           1.88500          0.769636
           1.89000          0.761599
           1.89500          0.752490
           1.90000          0.742753
           1.90500          0.730534
           1.91000          0.719516
           1.91500          0.709181
           1.92000          0.699290
           1.92500          0.690232
           1.93000          0.684880
           1.93500          0.680562
           1.94000          0.677710
           1.94500          0.674234
           1.95000          0.671122
           1.95500          0.668773
           1.96000          0.666483
           1.96500          0.664039
           1.97000          0.662100
           1.97500          0.660612
           1.98000          0.658728
           1.98500          0.659069
           1.99000          0.658962
           1.99500          0.659358
           2.00000          0.659428
           2.00500          0.659554
           2.01000          0.660379
           2.01500          0.659827
           2.02000          0.660036
           2.02500          0.660800
           2.03000          0.660550
           2.03500          0.661292
           2.04000          0.662921
           2.04500          0.663152
           2.05000          0.664133
           2.05500          0.665116
           2.06000          0.666582
           2.06500          0.667663
           2.07000          0.669528
           2.07500          0.670585
           2.08000          0.672253
           2.08500          0.674398
           2.09000          0.676919
           2.09500          0.678890
           2.10000          0.679911
           2.10500          0.682081
           2.11000          0.684177
           2.11500          0.685781
           2.12000          0.688518
           2.12500          0.690215
           2.13000          0.692031
           2.13500          0.694604
           2.14000          0.697527
           2.14500          0.700259
           2.15000          0.703655
           2.15500          0.706841
           2.16000          0.708316
           2.16500          0.709239
           2.17000          0.709974
           2.17500          0.710053
           2.18000          0.710160
           2.18500          0.709709
           2.19000          0.708288
           2.19500          0.706272
           2.20000          0.703235
           2.20500          0.700327
           2.21000          0.695602
           2.21500          0.691716
           2.22000          0.685537
           2.22500          0.679255
           2.23000          0.671473
           2.23166          0.670583
           2.23262          0.669357
           2.23358          0.667419
           2.23454          0.664826
           2.23550          0.663935
           2.23647          0.661824
           2.23743          0.660606
           2.23840          0.658773
           2.23937          0.656965
           2.24033          0.655442
           2.24130          0.653891
           2.24227          0.651540
           2.24324          0.649424
           2.24421          0.647321
           2.24519          0.646115
           2.24616          0.644262
           2.24713          0.642026
           2.24811          0.639652
           2.24908          0.637639
           2.25006          0.636063
           2.25104          0.634925
           2.25201          0.633110
           2.25299          0.631864
           2.25397          0.630228
           2.25495          0.629313
           2.25593          0.627517
           2.25692          0.625829
           2.25790          0.624316
           2.25888          0.622995
           2.25987          0.621547
           2.26085          0.620252
           2.26184          0.618821
           2.26283          0.617303
           2.26381          0.615562
           2.26480          0.615127
           2.26579          0.614727
           2.26678          0.614722
           2.26778          0.613006
           2.26877          0.611755
           2.26976          0.611508
           2.27076          0.610525
           2.27175          0.608744
           2.27275          0.608161
           2.27374          0.607774
           2.27474          0.607566
           2.27574          0.606998
           2.27674          0.605545
           2.27774          0.604247
           2.27874          0.604452
           2.27974          0.603464
           2.28075          0.602126
           2.28175          0.600161
           2.28275          0.599298
           2.28376          0.598652
           2.28477          0.598275
           2.28577          0.597579
           2.28678          0.597359
           2.28779          0.596539
           2.28880          0.594766
           2.28981          0.593420
           2.29082          0.592840
           2.29184          0.591714
           2.29285          0.590974
           2.29387          0.589659
           2.29488          0.588658
           2.29590          0.587710
           2.29691          0.587218
           2.29793          0.586060
           2.29895          0.585254
           2.29997          0.585029
           2.30099          0.584196
           2.30201          0.582968
           2.30304          0.582626
           2.30406          0.581940
           2.30508          0.581217
           2.30611          0.581082
           2.30714          0.581880
           2.30816          0.581340
           2.30919          0.580475
           2.31022          0.580430
           2.31125          0.581863
           2.31228          0.582623
           2.31331          0.583651
           2.31435          0.583966
           2.31538          0.584631
           2.31641          0.585139
           2.31745          0.585839
           2.31849          0.586915
           2.31952          0.588898
           2.32056          0.590026
           2.32160          0.591897
           2.32264          0.593445
           2.32368          0.595709
           2.32472          0.597735
           2.32577          0.599163
           2.32681          0.600626
           2.32786          0.602294
           2.32890          0.604465
           2.32995          0.606991
           2.33100          0.608694
           2.33204          0.611110
           2.33309          0.613186
           2.33414          0.615675
           2.33520          0.617383
           2.33625          0.619466
           2.33730          0.621500
           2.33836          0.623951
           2.33941          0.625421
           2.34047          0.625914
           2.34152          0.627857
           2.34258          0.630388
           2.34364          0.630936
           2.34470          0.632504
           2.34576          0.633440
           2.34682          0.634463
           2.34789          0.634948
           2.34895          0.635125
           2.35002          0.634593
           2.35108          0.634818
           2.35215          0.634210
           2.35322          0.634278
           2.35428          0.634082
           2.35535          0.633832
           2.35643          0.633227
           2.35750          0.632959
           2.35857          0.632927
           2.35964          0.632457
           2.36072          0.630866
           2.36179          0.629898
           2.36287          0.628543
           2.36395          0.626747
           2.36503          0.625441
           2.36610          0.624824
           2.36719          0.624246
           2.36827          0.623015
           2.36935          0.621637
           2.37043          0.620609
           2.37152          0.619956
           2.37260          0.619796
           2.37369          0.618954
           2.37478          0.617258
           2.37586          0.616035
           2.37695          0.615482
           2.37804          0.614224
           2.37914          0.613026
           2.38023          0.611140
           2.38132          0.610287
           2.38242          0.609582
           2.38351          0.608294
           2.38461          0.605955
           2.38570          0.604037
           2.38680          0.602572
           2.38790          0.602434
           2.38900          0.601474
           2.39010          0.600221
           2.39121          0.598562
           2.39231          0.597412
           2.39341          0.596314
           2.39452          0.594353
           2.39563          0.592347
           2.39673          0.591249
           2.39784          0.588863
           2.39895          0.587668
           2.40006          0.586850
           2.40117          0.585317
           2.40229          0.583666
           2.40340          0.583073
           2.40452          0.581795
           2.40563          0.580049
           2.40675          0.578484
           2.40787          0.577078
           2.40898          0.575315
           2.41010          0.573464
           2.41123          0.571308
           2.41235          0.569733
           2.41347          0.568785
           2.41459          0.567529
           2.41572          0.565618
           2.41685          0.563532
           2.41797          0.561624
           2.41910          0.560128
           2.42023          0.558470
           2.42136          0.556775
           2.42249          0.554411
           2.42363          0.551707
           2.42476          0.549577
           2.42589          0.548629
           2.42703          0.546450
           2.42817          0.544374
           2.42930          0.542711
           2.43044          0.540410
           2.43158          0.537799
           2.43272          0.535473
           2.43387          0.532984
           2.43501          0.530513
           2.43615          0.528252
           2.43730          0.526622
           2.43845          0.524426
           2.43959          0.521985
           2.44074          0.519036
           2.44189          0.516645
           2.44304          0.513981
           2.44419          0.511900
           2.44535          0.509955
           2.44650          0.508789
           2.44766          0.506711
           2.44881          0.504300
           2.44997          0.502451
           2.45113          0.501146
           2.45229          0.498707
           2.45345          0.496634
           2.45461          0.494741
           2.45577          0.493368
           2.45694          0.492075
           2.45810          0.490779
           2.45927          0.489171
           2.46043          0.487683
           2.46160          0.486667
           2.46277          0.486450
           2.46394          0.484969
           2.46511          0.483806
           2.46629          0.482791
           2.46746          0.481968
           2.46864          0.480535
           2.46981          0.479299
           2.47099          0.477533
           2.47217          0.477216
           2.47335          0.476913
           2.47453          0.475643
           2.47571          0.474512
           2.47689          0.473084
           2.47808          0.472053
           2.47926          0.471846
           2.48045          0.471336
           2.48163          0.470223
           2.48282          0.469155
           2.48401          0.468237
           2.48520          0.467279
           2.48640          0.466011
           2.48759          0.464430
           2.48878          0.463582
           2.48998          0.462842
           2.49117          0.461536
           2.49237          0.459738
           2.49357          0.458960
           2.49477          0.458775
           2.49597          0.458263
           2.49717          0.457207
           2.49838          0.456059
           2.49958          0.455106
           2.50079          0.455201
           2.50200          0.454904
           2.50320          0.454006
           2.50441          0.453518
           2.50562          0.454426
           2.50683          0.454849
           2.50805          0.455291
           2.50926          0.456162
           2.51048          0.457470
           2.51169          0.458928
           2.51291          0.460236
           2.51413          0.461664
           2.51535          0.464033
           2.51657          0.466299
           2.51779          0.468890
           2.51902          0.471433
           2.52024          0.474432
           2.52147          0.477376
           2.52269          0.481082
           2.52392          0.484916
           2.52515          0.488458
           2.52638          0.492160
           2.52761          0.496406
           2.52885          0.500203
           2.53008          0.504670
           2.53132          0.509309
           2.53255          0.514769
           2.53379          0.518788
           2.53503          0.522583
           2.53627          0.527092
           2.53751          0.532962
           2.53875          0.536383
           2.54000          0.539652
           2.54124          0.543356
           2.54249          0.547333
           2.54374          0.550492
           2.54499          0.552768
           2.54624          0.554731
           2.54749          0.556875
           2.54874          0.558578
           2.54999          0.559798
           2.55125          0.560866
           2.55250          0.562194
           2.55376          0.563195
           2.55502          0.564008
           2.55628          0.563960
           2.55754          0.564718
           2.55880          0.565471
           2.56007          0.566576
           2.56133          0.568082
           2.56260          0.569490
           2.56386          0.569437
           2.56513          0.569873
           2.56640          0.569808
           2.56767          0.569242
           2.56895          0.569340
           2.57022          0.570788
           2.57150          0.571278
           2.57277          0.570230
           2.57405          0.571153
           2.57533          0.571681
           2.57661          0.570600
           2.57789          0.571506
           2.57917          0.570568
           2.58046          0.569823
           2.58174          0.570078
           2.58303          0.569647
           2.58431          0.570085
           2.58560          0.571396
           2.58689          0.569047
           2.58819          0.569978
           2.58948          0.569285
           2.59077          0.568692
           2.59207          0.568019
           2.59336          0.568272
           2.59466          0.569402
           2.59596          0.572034
           2.59726          0.568289
           2.59856          0.565033
           2.59987          0.564093
           2.60117          0.564068
           2.60248          0.564290
           2.60378          0.564038
           2.60509          0.563612
           2.60640          0.564300
           2.60771          0.562122
           2.60903          0.560301
           2.61034          0.559798
           2.61166          0.559716
           2.61297          0.558345
           2.61429          0.558163
           2.61561          0.557405
           2.61693          0.557735
           2.61825          0.558328
           2.61957          0.555341
           2.62090          0.554991
           2.62222          0.555156
           2.62355          0.551957
           2.62488          0.551302
           2.62621          0.550474
           2.62754          0.551125
           2.62887          0.548666
           2.63021          0.547333
           2.63154          0.548741
           2.63288          0.546235
           2.63421          0.543864
           2.63555          0.543331
           2.63689          0.540940
           2.63824          0.540112
           2.63958          0.538174
           2.64092          0.536871
           2.64227          0.535618
           2.64362          0.534210
           2.64497          0.531949
           2.64632          0.531371
           2.64767          0.529763
           2.64902          0.527330
           2.65038          0.525126
           2.65173          0.523285
           2.65309          0.521405
           2.65445          0.519631
           2.65581          0.517158
           2.65717          0.516185
           2.65853          0.513641
           2.65989          0.513068
           2.66126          0.511258
           2.66263          0.508829
           2.66400          0.506288
           2.66536          0.505855
           2.66674          0.504767
           2.66811          0.502046
           2.66948          0.497859
           2.67086          0.496586
           2.67223          0.495453
           2.67361          0.489926
           2.67499          0.487773
           2.67637          0.485912
           2.67776          0.484611
           2.67914          0.480630
           2.68052          0.476715
           2.68191          0.472564
           2.68330          0.468577
           2.68469          0.465581
           2.68608          0.460921
           2.68747          0.456937
           2.68887          0.452308
           2.69026          0.447293
           2.69166          0.442136
           2.69306          0.437424
           2.69446          0.433062
           2.69586          0.426727
           2.69726          0.419264
           2.69866          0.411908
           2.70007          0.403757
           2.70148          0.396764
           2.70289          0.390491
           2.70430          0.384429
           2.70571          0.378644
           2.70712          0.373344
           2.70853          0.367797
           2.70995          0.363962
           2.71137          0.360103
           2.71279          0.356272
           2.71421          0.351427
           2.71563          0.348471
           2.71705          0.346347
           2.71848          0.345089
           2.71990          0.343204
           2.72133          0.342811
           2.72276          0.340370
           2.72419          0.336308
           2.72562          0.334077
           2.72706          0.329785
           2.72849          0.324458
           2.72993          0.319811
           2.73137          0.315199
           2.73281          0.310392
           2.73425          0.305355
           2.73569          0.300811
           2.73714          0.295036
           2.73858          0.288708
           2.74003          0.283671
           2.74148          0.278699
           2.74293          0.272571
           2.74438          0.265343
           2.74583          0.258415
           2.74729          0.252135
           2.74875          0.246355
           2.75020          0.241720
           2.75166          0.236216
           2.75313          0.231586
           2.75459          0.227719
           2.75605          0.225096
           2.75752          0.222090
           2.75899          0.218045
           2.76046          0.214874
           2.76193          0.211988
           2.76340          0.209287
           2.76487          0.206963
           2.76635          0.204289
           2.76782          0.201868
           2.76930          0.199105
           2.77078          0.196784
           2.77226          0.194250
           2.77375          0.191034
           2.77523          0.188290
           2.77672          0.185759
           2.77821          0.182980
           2.77970          0.180092
           2.78119          0.177533
           2.78268          0.175112
           2.78418          0.172021
           2.78567          0.168974
           2.78717          0.166796
           2.78867          0.164788
           2.79017          0.161644
           2.79167          0.159038
           2.79318          0.156677
           2.79468          0.154413
           2.79619          0.152180
           2.79770          0.149969
           2.79921          0.147430
           2.80072          0.144839
           2.80224          0.142266
           2.80375          0.139830
           2.80527          0.137318
           2.80679          0.134665
           2.80831          0.131616
           2.80983          0.129180
           2.81135          0.126862
           2.81288          0.124438
           2.81441          0.122112
           2.81593          0.120521
           2.81746          0.118713
           2.81900          0.117240
           2.82053          0.116577
           2.82207          0.115814
           2.82360          0.115184
           2.82514          0.114599
           2.82668          0.114096
           2.82822          0.113693
           2.82977          0.112956
           2.83131          0.112045
           2.83286          0.111620
           2.83441          0.111405
           2.83596          0.110227
           2.83751          0.108864
           2.83907          0.107478
           2.84062          0.106268
           2.84218          0.105627
           2.84374          0.105107
           2.84530          0.104102
           2.84686          0.103349
           2.84843          0.102259
           2.84999          0.100693
           2.85156          0.099817
           2.85313          0.098952
           2.85470          0.097884
           2.85627          0.096456
           2.85785          0.095326
           2.85942          0.094460
           2.86100          0.093467
           2.86258          0.092417
           2.86416          0.091339
           2.86575          0.090353
           2.86733          0.089721
           2.86892          0.088415
           2.87051          0.086847
           2.87210          0.086024
           2.87369          0.085031
           2.87528          0.083813
           2.87688          0.083078
           2.87848          0.082185
           2.88007          0.080964
           2.88168          0.080092
           2.88328          0.079249
           2.88488          0.078083
           2.88649          0.077043
           2.88810          0.076322
           2.88971          0.075432
           2.89132          0.074587
           2.89293          0.073969
           2.89455          0.072756
           2.89616          0.072001
           2.89778          0.071540
           2.89940          0.070528
           2.90103          0.069717
           2.90265          0.068939
           2.90428          0.067789
           2.90591          0.066838
           2.90754          0.066033
           2.90917          0.065155
           2.91080          0.064385
           2.91244          0.063625
           2.91407          0.062982
           2.91571          0.062482
           2.91735          0.061796
           2.91899          0.061156
           2.92064          0.060246
           2.92229          0.059348
           2.92393          0.058710
           2.92558          0.058167
           2.92724          0.057597
           2.92889          0.056709
           2.93055          0.056109
           2.93220          0.055874
           2.93386          0.055366
           2.93552          0.054808
           2.93719          0.054216
           2.93885          0.053423
           2.94052          0.052727
           2.94219          0.052305
           2.94386          0.051842
           2.94553          0.051274
           2.94721          0.050729
           2.94888          0.050331
           2.95056          0.050016
           2.95224          0.049779
           2.95392          0.049401
           2.95561          0.049208
           2.95729          0.048828
           2.95898          0.048381
           2.96067          0.047903
           2.96236          0.047645
           2.96406          0.047505
           2.96575          0.047433
           2.96745          0.047343
           2.96915          0.047070
           2.97085          0.047135
           2.97255          0.047088
           2.97426          0.046937
           2.97597          0.046702
           2.97768          0.046457
           2.97939          0.046810
           2.98110          0.047078
           2.98282          0.047178
           2.98453          0.047475
           2.98625          0.047480
           2.98797          0.047553
           2.98970          0.047770
           2.99142          0.048033
           2.99315          0.048143
           2.99488          0.048135
           2.99661          0.048521
           2.99834          0.049003
           3.00008          0.049143
           3.00182          0.049439
           3.00355          0.049966
           3.00530          0.050334
           3.00704          0.050411
           3.00878          0.050481
           3.01053          0.050902
           3.01228          0.051257
           3.01403          0.051419
           3.01579          0.051559
           3.01754          0.051730
           3.01930          0.052067
           3.02106          0.052575
           3.02282          0.052885
           3.02458          0.052895
           3.02635          0.052970
           3.02812          0.053280
           3.02989          0.053610
           3.03166          0.053915
           3.03343          0.054010
           3.03521          0.054078
           3.03699          0.054501
           3.03877          0.054913
           3.04055          0.055151
           3.04233          0.055088
           3.04412          0.054903
           3.04591          0.054961
           3.04770          0.055183
           3.04949          0.055276
           3.05129          0.055349
           3.05308          0.055394
           3.05488          0.055321
           3.05668          0.055551
           3.05849          0.055584
           3.06029          0.055639
           3.06210          0.055634
           3.06391          0.055481
           3.06572          0.055364
           3.06754          0.055539
           3.06935          0.055831
           3.07117          0.055631
           3.07299          0.055374
           3.07481          0.055429
           3.07664          0.055479
           3.07847          0.055564
           3.08029          0.055664
           3.08213          0.055684
           3.08396          0.055696
           3.08579          0.055779
           3.08763          0.055676
           3.08947          0.055684
           3.09131          0.055929
           3.09316          0.055931
           3.09501          0.055926
           3.09685          0.055899
           3.09871          0.055876
           3.10056          0.055791
           3.10241          0.055936
           3.10427          0.056071
           3.10613          0.056211
           3.10799          0.056454
           3.10986          0.056407
           3.11173          0.056269
           3.11359          0.056311
           3.11547          0.056529
           3.11734          0.056677
           3.11921          0.056879
           3.12109          0.056957
           3.12297          0.056989
           3.12486          0.057127
           3.12674          0.057077
           3.12863          0.057184
           3.13052          0.057302
           3.13241          0.057555
           3.13430          0.057985
           3.13620          0.058485
           3.13810          0.058702
           3.14000          0.058685
           3.14190          0.058728
           3.14381          0.059020
           3.14571          0.059410
           3.14762          0.059538
           3.14954          0.059585
           3.15145          0.059813
           3.15337          0.060156
           3.15529          0.060571
           3.15721          0.060851
           3.15913          0.060956
           3.16106          0.061176
           3.16299          0.061339
           3.16492          0.061441
           3.16685          0.061604
           3.16879          0.061784
           3.17072          0.062104
           3.17267          0.062344
           3.17461          0.062322
           3.17655          0.062307
           3.17850          0.062387
           3.18045          0.062537
           3.18240          0.062872
           3.18436          0.063049
           3.18632          0.063139
           3.18827          0.063202
           3.19024          0.063302
           3.19220          0.063477
           3.19417          0.063580
           3.19614          0.063740
           3.19811          0.064027
           3.20008          0.064482
           3.20206          0.064325
           3.20404          0.064415
           3.20602          0.064945
           3.20800          0.065153
           3.20999          0.065498
           3.21198          0.065883
           3.21397          0.066093
           3.21596          0.066283
           3.21796          0.066626
           3.21996          0.066994
           3.22196          0.067359
           3.22396          0.067794
           3.22597          0.068339
           3.22798          0.068807
           3.22999          0.068984
           3.23200          0.069124
           3.23402          0.069507
           3.23604          0.070082
           3.23806          0.070372
           3.24008          0.070435
           3.24211          0.070613
           3.24414          0.070968
           3.24617          0.071068
           3.24820          0.071000
           3.25024          0.070830
           3.25228          0.070387
           3.25432          0.069460
           3.25637          0.068137
           3.25841          0.066076
           3.26046          0.063357
           3.26251          0.060198
           3.26457          0.057067
           3.26663          0.054208
           3.26869          0.051742
           3.27075          0.050264
           3.27281          0.049364
           3.27488          0.048593
           3.27695          0.048181
           3.27902          0.047933
           3.28110          0.047880
           3.28318          0.048293
           3.28526          0.049098
           3.28734          0.049921
           3.28943          0.050564
           3.29151          0.051087
           3.29361          0.051604
           3.29570          0.052082
           3.29780          0.052755
           3.29990          0.053410
           3.30200          0.053865
           3.30410          0.054231
           3.30621          0.054386
           3.30832          0.054293
           3.31043          0.054401
           3.31255          0.054678
           3.31466          0.054888
           3.31679          0.054968
           3.31891          0.055269
           3.32103          0.055379
           3.32316          0.055566
           3.32529          0.055926
           3.32743          0.056417
           3.32957          0.056689
           3.33171          0.057004
           3.33385          0.057439
           3.33599          0.058120
           3.33814          0.058597
           3.34029          0.059000
           3.34245          0.059590
           3.34460          0.060198
           3.34676          0.060686
           3.34892          0.061061
           3.35109          0.061204
           3.35326          0.061371
           3.35543          0.061824
           3.35760          0.061956
           3.35978          0.061881
           3.36196          0.062119
           3.36414          0.062329
           3.36632          0.062424
           3.36851          0.062374
           3.37070          0.062297
           3.37289          0.062487
           3.37509          0.062857
           3.37729          0.063014
           3.37949          0.062939
           3.38169          0.062712
           3.38390          0.062612
           3.38611          0.062467
           3.38832          0.062357
           3.39054          0.062054
           3.39276          0.061806
           3.39498          0.061341
           3.39721          0.060716
           3.39943          0.059948
           3.40166          0.058873
           3.40390          0.057637
           3.40613          0.056336
           3.40837          0.054863
           3.41061          0.053338
           3.41286          0.051657
           3.41511          0.050174
           3.41736          0.048973
           3.41961          0.047970
           3.42187          0.047038
           3.42413          0.046567
           3.42639          0.046602
           3.42866          0.046820
           3.43093          0.047165
           3.43320          0.047538
           3.43548          0.048025
           3.43776          0.048736
           3.44004          0.049424
           3.44232          0.050336
           3.44461          0.051227
           3.44690          0.052160
           3.44919          0.053310
           3.45149          0.054583
           3.45379          0.055961
           3.45609          0.057452
           3.45840          0.059030
           3.46070          0.060443
           3.46302          0.061969
           3.46533          0.063787
           3.46765          0.065493
           3.46997          0.067259
           3.47229          0.069064
           3.47462          0.071013
           3.47695          0.073089
           3.47929          0.075440
           3.48162          0.078081
           3.48396          0.081332
           3.48630          0.085206
           3.48865          0.089986
           3.49100          0.095363
           3.49335          0.101423
           3.49571          0.108216
           3.49807          0.115377
           3.50043          0.122805
           3.50279          0.130078
           3.50516          0.136733
           3.50753          0.142783
           3.50991          0.148191
           3.51229          0.153080
           3.51467          0.157400
           3.51705          0.161429
           3.51944          0.164833
           3.52183          0.167501
           3.52423          0.169457
           3.52662          0.170710
           3.52902          0.171185
           3.53143          0.172046
           3.53383          0.174252
           3.53624          0.177331
           3.53866          0.180674
           3.54108          0.184058
           3.54350          0.187425
           3.54592          0.190401
           3.54835          0.192932
           3.55078          0.195406
           3.55321          0.197567
           3.55565          0.199502
           3.55809          0.201403
           3.56053          0.203232
           3.56298          0.205097
           3.56543          0.206630
           3.56788          0.208171
           3.57034          0.209612
           3.57280          0.210897
           3.57527          0.212063
           3.57773          0.213483
           3.58020          0.214949
           3.58268          0.216145
           3.58516          0.217185
           3.58764          0.218431
           3.59012          0.219774
           3.59261          0.221017
           3.59510          0.221997
           3.59760          0.222992
           3.60009          0.224313
           3.60260          0.225468
           3.60510          0.226339
           3.60761          0.227362
           3.61012          0.228460
           3.61264          0.229578
           3.61516          0.230848
           3.61768          0.232021
           3.62021          0.232874
           3.62274          0.233912
           3.62527          0.235080
           3.62781          0.236263
           3.63035          0.237136
           3.63289          0.237959
           3.63544          0.238899
           3.63799          0.239955
           3.64054          0.240933
           3.64310          0.241795
           3.64566          0.242628
           3.64823          0.243469
           3.65080          0.244256
           3.65337          0.245094
           3.65595          0.245870
           3.65853          0.246572
           3.66111          0.247300
           3.66370          0.247961
           3.66629          0.248441
           3.66889          0.248861
           3.67148          0.249264
           3.67409          0.249534
           3.67669          0.249609
           3.67930          0.249749
           3.68191          0.249911
           3.68453          0.250227
           3.68715          0.250319
           3.68978          0.250127
           3.69240          0.249841
           3.69504          0.249391
           3.69767          0.248603
           3.70031          0.247583
           3.70295          0.246405
           3.70560          0.244924
           3.70825          0.242668
           3.71091          0.239474
           3.71356          0.235568
           3.71623          0.230826
           3.71889          0.224828
           3.72156          0.217815
           3.72423          0.210004
           3.72691          0.201573
           3.72959          0.192612
           3.73228          0.183841
           3.73497          0.175575
           3.73766          0.167811
           3.74036          0.160263
           3.74306          0.153120
           3.74576          0.146702
           3.74847          0.140675
           3.75118          0.134805
           3.75390          0.129090
           3.75662          0.123758
           3.75934          0.118703
           3.76207          0.113959
           3.76480          0.109274
           3.76754          0.104662
           3.77028          0.100510
           3.77302          0.096681
           3.77577          0.092945
           3.77852          0.089418
           3.78128          0.086169
           3.78404          0.083513
           3.78680          0.081347
           3.78957          0.079439
           3.79234          0.077878
           3.79512          0.076845
           3.79790          0.075937
           3.80069          0.075112
           3.80347          0.074394
           3.80627          0.073974
           3.80906          0.073676
           3.81186          0.073229
           3.81467          0.072778
           3.81748          0.072311
           3.82029          0.071848
           3.82311          0.071325
           3.82593          0.070660
           3.82876          0.070025
           3.83159          0.069290
           3.83442          0.068457
           3.83726          0.067734
           3.84010          0.067006
           3.84295          0.066238
           3.84580          0.065485
           3.84865          0.064620
           3.85151          0.063860
           3.85438          0.063224
           3.85724          0.062674
           3.86012          0.062201
           3.86299          0.061871
           3.86587          0.061344
           3.86876          0.060668
           3.87165          0.059763
           3.87454          0.058532
           3.87744          0.056964
           3.88034          0.055249
           3.88325          0.053363
           3.88616          0.051379
           3.88907          0.049441
           3.89199          0.047513
           3.89492          0.045639
           3.89785          0.044096
           3.90078          0.042881
           3.90372          0.041843
           3.90666          0.040842
           3.90960          0.039985
           3.91255          0.039342
           3.91551          0.038837
           3.91847          0.038359
           3.92143          0.037939
           3.92440          0.037533
           3.92738          0.037208
           3.93035          0.036913
           3.93333          0.036666
           3.93632          0.036591
           3.93931          0.036451
           3.94231          0.036173
           3.94531          0.036148
           3.94831          0.036145
           3.95132          0.036168
           3.95434          0.036243
           3.95735          0.036753
           3.96038          0.037611
           3.96341          0.038789
           3.96644          0.040507
           3.96948          0.042911
           3.97252          0.046237
           3.97556          0.050364
           3.97861          0.055474
           3.98167          0.061741
           3.98473          0.068912
           3.98780          0.076865
           3.99087          0.085291
           3.99394          0.094268
           3.99702          0.103904
           4.00010          0.114136
           4.00319          0.124608
           4.00629          0.135390
           4.00939          0.146457
           4.01249          0.157535
           4.01560          0.168634
           4.01871          0.179439
           4.02183          0.189813
           4.02495          0.199793
           4.02808          0.209154
           4.03121          0.217868
           4.03435          0.226139
           4.03749          0.234017
           4.04064          0.241373
           4.04379          0.247983
           4.04694          0.254183
           4.05011          0.260071
           4.05327          0.265428
           4.05644          0.270258
           4.05962          0.274679
           4.06280          0.278904
           4.06599          0.282863
           4.06918          0.286509
           4.07238          0.289886
           4.07558          0.292760
           4.07878          0.295251
           4.08200          0.297587
           4.08521          0.299813
           4.08843          0.301763
           4.09166          0.303614
           4.09489          0.305345
           4.09813          0.306968
           4.10137          0.308346
           4.10462          0.309542
           4.10787          0.310585
           4.11113          0.311378
           4.11439          0.312158
           4.11766          0.312871
           4.12093          0.313706
           4.12421          0.314601
           4.12750          0.315422
           4.13079          0.316285
           4.13408          0.317062
           4.13738          0.317848
           4.14068          0.318523
           4.14399          0.319218
           4.14731          0.320104
           4.15063          0.321094
           4.15395          0.321985
           4.15729          0.322767
           4.16062          0.323463
           4.16396          0.324103
           4.16731          0.324608
           4.17066          0.325208
           4.17402          0.325886
           4.17739          0.326411
           4.18075          0.326609
           4.18413          0.327034
           4.18751          0.327417
           4.19089          0.327627
           4.19428          0.327760
           4.19768          0.327825
           4.20108          0.327832
           4.20449          0.327830
           4.20790          0.327857
           4.21132          0.328132
           4.21474          0.328430
           4.21817          0.328670
           4.22161          0.328765
           4.22505          0.328837
           4.22850          0.328630
           4.23195          0.328170
           4.23540          0.327544
           4.23887          0.326902
           4.24234          0.325976
           4.24581          0.325106
           4.24929          0.324158
           4.25278          0.323150
           4.25627          0.322175
           4.25977          0.321249
           4.26327          0.320581
           4.26678          0.320249
           4.27029          0.320014
           4.27381          0.319841
           4.27734          0.319651
           4.28087          0.319544
           4.28441          0.319363
           4.28795          0.319058
           4.29150          0.318543
           4.29506          0.318015
           4.29862          0.317528
           4.30219          0.317055
           4.30576          0.316387
           4.30934          0.315679
           4.31292          0.315037
           4.31652          0.314469
           4.32011          0.313954
           4.32372          0.313706
           4.32732          0.313501
           4.33094          0.313666
           4.33456          0.313984
           4.33819          0.314131
           4.34182          0.313821
           4.34546          0.313381
           4.34911          0.312493
           4.35276          0.311243
           4.35642          0.309847
           4.36008          0.308476
           4.36375          0.306878
           4.36743          0.305380
           4.37111          0.303937
           4.37480          0.302619
           4.37849          0.301256
           4.38219          0.299783
           4.38590          0.298337
           4.38961          0.297112
           4.39333          0.295823
           4.39706          0.294555
           4.40079          0.293465
           4.40453          0.292627
           4.40828          0.291834
           4.41203          0.291126
           4.41579          0.290579
           4.41955          0.290229
           4.42332          0.289961
           4.42710          0.289658
           4.43088          0.289451
           4.43468          0.289278
           4.43847          0.289063
           4.44228          0.288878
           4.44608          0.288575
           4.44990          0.288220
           4.45372          0.287905
           4.45755          0.287517
           4.46139          0.286990
           4.46523          0.286530
           4.46908          0.285902
           4.47294          0.285271
           4.47680          0.284644
           4.48067          0.283958
           4.48455          0.283028
           4.48843          0.281893
           4.49232          0.280534
           4.49621          0.279136
           4.50012          0.277601
           4.50403          0.275930
           4.50794          0.273909
           4.51187          0.271673
           4.51580          0.269337
           4.51973          0.266874
           4.52368          0.263897
           4.52763          0.260869
           4.53159          0.257750
           4.53555          0.254226
           4.53952          0.250564
           4.54350          0.246873
           4.54749          0.243136
           4.55148          0.239760
           4.55548          0.236666
           4.55949          0.233830
           4.56350          0.231086
           4.56752          0.228820
           4.57155          0.227147
           4.57558          0.225769
           4.57963          0.224741
           4.58367          0.224175
           4.58773          0.224073
           4.59179          0.224471
           4.59586          0.225306
           4.59994          0.226774
           4.60403          0.228777
           4.60812          0.231481
           4.61222          0.234880
           4.61633          0.238929
           4.62044          0.243591
           4.62456          0.248974
           4.62869          0.254969
           4.63283          0.261219
           4.63697          0.267501
           4.64112          0.274054
           4.64528          0.280652
           4.64945          0.286947
           4.65362          0.292822
           4.65780          0.298437
           4.66199          0.303629
           4.66619          0.308326
           4.67039          0.312538
           4.67460          0.316357
           4.67882          0.319686
           4.68305          0.322842
           4.68728          0.325771
           4.69152          0.328445
           4.69577          0.330808
           4.70003          0.333087
           4.70430          0.335270
           4.70857          0.337136
           4.71285          0.338807
           4.71714          0.340345
           4.72143          0.341693
           4.72574          0.343091
           4.73005          0.344172
           4.73437          0.345287
           4.73870          0.346470
           4.74303          0.347510
           4.74738          0.348223
           4.75173          0.348989
           4.75609          0.349684
           4.76045          0.350297
           4.76483          0.350989
           4.76921          0.351697
           4.77360          0.352140
           4.77800          0.352640
           4.78241          0.353108
           4.78683          0.353443
           4.79125          0.353786
           4.79568          0.354183
           4.80013          0.354523
           4.80457          0.354859
           4.80903          0.355059
           4.81350          0.355279
           4.81797          0.355391
           4.82245          0.355671
           4.82694          0.355841
           4.83144          0.355939
           4.83595          0.355954
           4.84046          0.356099
           4.84499          0.356137
           4.84952          0.356199
           4.85406          0.356272
           4.85861          0.356302
           4.86317          0.356207
           4.86773          0.356214
           4.87231          0.356177
           4.87689          0.356174
           4.88148          0.356029
           4.88608          0.355864
           4.89069          0.355831
           4.89531          0.355824
           4.89994          0.355656
           4.90457          0.355429
           4.90922          0.355149
           4.91387          0.355026
           4.91853          0.354746
           4.92321          0.354548
           4.92788          0.354228
           4.93257          0.353853
           4.93727          0.353445
           4.94198          0.353125
           4.94669          0.352658
           4.95142          0.352072
           4.95615          0.351515
           4.96090          0.350989
           4.96565          0.350199
           4.97041          0.349379
           4.97518          0.348508
           4.97996          0.347480
           4.98475          0.346395
           4.98954          0.345234
           4.99435          0.343681
           4.99917          0.341861
           5.00399          0.339727
           5.00883          0.337331
           5.01367          0.334525
           5.01852          0.331269
           5.02339          0.327264
           5.02826          0.322337
           5.03314          0.316665
           5.03803          0.310115
           5.04293          0.302609
           5.04784          0.294508
           5.05276          0.286387
           5.05769          0.279351
           5.06263          0.275000
           5.06758          0.274314
           5.07254          0.277218
           5.07751          0.282463
           5.08249          0.288398
           5.08747          0.293678
           5.09247          0.297492
           5.09748          0.299840
           5.10250          0.300956
           5.10752          0.301281
           5.11256          0.300841
           5.11761          0.299898
           5.12266          0.298562
           5.12773          0.296921
           5.13281          0.295006
           5.13789          0.292772
           5.14299          0.290446
           5.14810          0.287935
           5.15322          0.284954
           5.15834          0.281342
           5.16348          0.277526
           5.16863          0.273359
           5.17379          0.268929
           5.17896          0.264230
           5.18413          0.259245
           5.18932          0.253971
           5.19452          0.248526
           5.19973          0.243001
           5.20496          0.237406
           5.21019          0.231531
           5.21543          0.225826
           5.22068          0.219774
           5.22594          0.213904
           5.23122          0.208244
           5.23650          0.202679
           5.24179          0.197524
           5.24710          0.192917
           5.25242          0.189121
           5.25774          0.186089
           5.26308          0.183743
           5.26843          0.182113
           5.27379          0.180582
           5.27916          0.179204
           5.28454          0.177681
           5.28993          0.175990
           5.29534          0.174067
           5.30075          0.171561
           5.30618          0.168382
           5.31161          0.164700
           5.31706          0.160468
           5.32252          0.155926
           5.32799          0.150787
           5.33347          0.145544
           5.33896          0.139940
           5.34447          0.134107
           5.34998          0.127827
           5.35551          0.121009
           5.36105          0.113591
           5.36660          0.106585
           5.37216          0.099440
           5.37773          0.092229
           5.38332          0.084656
           5.38891          0.077290
           5.39452          0.070040
           5.40014          0.063292
           5.40577          0.056877
           5.41141          0.051239
           5.41707          0.046210
           5.42274          0.042286
           5.42841          0.038596
           5.43410          0.035580
           5.43981          0.033307
           5.44552          0.031693
           5.45125          0.030260
           5.45698          0.029322
           5.46273          0.028657
           5.46850          0.028392
           5.47427          0.027897
           5.48006          0.027629
           5.48586          0.027504
           5.49167          0.027617
           5.49749          0.027899
           5.50333          0.028550
           5.50918          0.029205
           5.51504          0.030215
           5.52091          0.031251
           5.52680          0.032671
           5.53269          0.034350
           5.53861          0.036375
           5.54453          0.038361
           5.55047          0.040532
           5.55641          0.042753
           5.56238          0.044959
           5.56835          0.047078
           5.57434          0.049391
           5.58034          0.051639
           5.58635          0.053968
           5.59238          0.055911
           5.59842          0.057797
           5.60447          0.059513
           5.61054          0.061189
           5.61661          0.062562
           5.62271          0.063800
           5.62881          0.064778
           5.63493          0.065861
           5.64106          0.066831
           5.64721          0.067949
           5.65336          0.068637
           5.65954          0.069522
           5.66572          0.070382
           5.67192          0.071330
           5.67813          0.072418
           5.68436          0.073429
           5.69060          0.074209
           5.69685          0.075245
           5.70312          0.075827
           5.70940          0.076545
           5.71569          0.077178
           5.72200          0.077503
           5.72833          0.077668
           5.73466          0.077746
           5.74101          0.077518
           5.74738          0.077185
           5.75376          0.076678
           5.76015          0.076097
           5.76656          0.075920
           5.77298          0.075512
           5.77941          0.074677
           5.78586          0.074874
           5.79233          0.075132
           5.79881          0.075472
           5.80530          0.075770
           5.81181          0.076095
           5.81833          0.076355
           5.82487          0.076773
           5.83142          0.076588
           5.83799          0.076272
           5.84457          0.075782
           5.85117          0.075427
           5.85778          0.074872
           5.86441          0.074569
           5.87105          0.074312
           5.87770          0.074364
           5.88438          0.075044
           5.89106          0.075645
           5.89776          0.076330
           5.90448          0.077601
           5.91121          0.078418
           5.91796          0.079819
           5.92473          0.081282
           5.93150          0.083195
           5.93830          0.085384
           5.94511          0.088143
           5.95193          0.089831
           5.95878          0.092224
           5.96563          0.094555
           5.97251          0.097451
           5.97939          0.100233
           5.98630          0.103221
           5.99322          0.106650
           6.00016          0.110665
           6.00711          0.114026
           6.01408          0.117893
           6.02106          0.121754
           6.02806          0.125241
           6.03508          0.128535
           6.04212          0.132439
           6.04917          0.136688
           6.05623          0.142633
           6.06332          0.147238
           6.07042          0.152550
           6.07753          0.158853
           6.08467          0.164888
           6.09182          0.169892
           6.09898          0.175545
           6.10617          0.180824
           6.11337          0.186127
           6.12058          0.190604
           6.12782          0.192982
           6.13507          0.195098
           6.14234          0.197899
           6.14963          0.201021
           6.15693          0.204955
           6.16425          0.210430
           6.17159          0.217593
           6.17895          0.226026
           6.18632          0.237138
           6.19371          0.251007
           6.20112          0.264162
           6.20854          0.277231
           6.21599          0.291457
           6.22345          0.305928
           6.23093          0.321387
           6.23843          0.338094
           6.24595          0.356252
           6.25348          0.374477
           6.26103          0.391434
           6.26860          0.406068
           6.27619          0.415589
           6.28380          0.415142
           6.29143          0.402284
           6.29907          0.384219
           6.30673          0.368194
           6.31442          0.355779
           6.32212          0.345392
           6.32984          0.336606
           6.33757          0.328933
           6.34533          0.323290
           6.35311          0.316232
           6.36090          0.308806
           6.36872          0.303849
           6.37655          0.298997
           6.38440          0.292805
           6.39227          0.287813
           6.40017          0.282808
           6.40808          0.278601
           6.41601          0.276040
           6.42396          0.270383
           6.43193          0.264055
           6.43992          0.260023
           6.44793          0.255204
           6.45596          0.251129
           6.46401          0.246693
           6.47208          0.243011
           6.48017          0.239600
           6.48828          0.236363
           6.49641          0.233752
           6.50456          0.229818
           6.51273          0.225501
           6.52092          0.223190
           6.52914          0.220506
           6.53737          0.217355
           6.54563          0.214879
           6.55390          0.212353
           6.56220          0.209544
           6.57051          0.207153
           6.57885          0.204962
           6.58721          0.201783
           6.59559          0.199550
           6.60399          0.197176
           6.61242          0.194613
           6.62086          0.192830
           6.62933          0.190986
           6.63782          0.190148
           6.64633          0.188470
           6.65486          0.185644
           6.66341          0.183861
           6.67199          0.182820
           6.68059          0.181840
           6.68921          0.180789
           6.69785          0.179076
           6.70651          0.177956
           6.71520          0.177203
           6.72391          0.176120
           6.73264          0.174684
           6.74140          0.173409
           6.75018          0.172268
           6.75898          0.171405
           6.76780          0.170468
           6.77665          0.169902
           6.78552          0.169102
           6.79441          0.168637
           6.80333          0.167664
           6.81227          0.166581
           6.82123          0.165953
           6.83022          0.165691
           6.83923          0.165118
           6.84826          0.164490
           6.85732          0.164495
           6.86640          0.164903
           6.87551          0.164498
           6.88464          0.163835
           6.89380          0.163660
           6.90298          0.163737
           6.91218          0.163987
           6.92141          0.164032
           6.93066          0.164142
           6.93994          0.164515
           6.94924          0.164778
           6.95857          0.165330
           6.96792          0.166241
           6.97730          0.166413
           6.98670          0.166503
           6.99613          0.166698
           7.00559          0.166151
           7.01507          0.164065
           7.02457          0.159455
           7.03410          0.151645
           7.04366          0.143429
           7.05325          0.136661
           7.06285          0.131566
           7.07249          0.128472
           7.08215          0.125251
           7.09184          0.121979
           7.10155          0.118731
           7.11130          0.115894
           7.12106          0.113321
           7.13086          0.110960
           7.14068          0.108804
           7.15053          0.107153
           7.16041          0.105450
           7.17031          0.104144
           7.18024          0.102869
           7.19020          0.101626
           7.20019          0.100725
           7.21020          0.100138
           7.22024          0.099385
           7.23031          0.098847
           7.24041          0.098434
           7.25054          0.098269
           7.26069          0.098042
           7.27088          0.097897
           7.28109          0.097757
           7.29133          0.097602
           7.30160          0.097369
           7.31190          0.097482
           7.32222          0.097494
           7.33258          0.097687
           7.34297          0.097932
           7.35338          0.098079
           7.36383          0.097994
           7.37430          0.098019
           7.38481          0.097984
           7.39534          0.098139
           7.40591          0.098354
           7.41650          0.098737
           7.42713          0.099157
           7.43778          0.099750
           7.44847          0.100365
           7.45919          0.101081
           7.46994          0.101871
           7.48071          0.102619
           7.49152          0.103219
           7.50237          0.103864
           7.51324          0.104552
           7.52414          0.105150
           7.53508          0.105607
           7.54605          0.106140
           7.55705          0.106520
           7.56808          0.106973
           7.57915          0.107426
           7.59024          0.107953
           7.60137          0.108426
           7.61253          0.109029
           7.62373          0.109602
           7.63496          0.110184
           7.64622          0.110527
           7.65751          0.110962
           7.66884          0.111430
           7.68020          0.111988
           7.69159          0.112535
           7.70302          0.113153
           7.71449          0.113723
           7.72598          0.114351
           7.73752          0.114991
           7.74908          0.115652
           7.76068          0.116152
           7.77232          0.116595
           7.78399          0.116892
           7.79569          0.117045
           7.80743          0.116947
           7.81921          0.116857
           7.83102          0.116747
           7.84287          0.116575
           7.85475          0.116350
           7.86667          0.115994
           7.87862          0.115307
           7.89062          0.114514
           7.90264          0.113481
           7.91471          0.112275
           7.92681          0.110815
           7.93895          0.109242
           7.95113          0.107426
           7.96334          0.105645
           7.97559          0.103977
           7.98788          0.102236
           8.00021          0.100540
           8.01257          0.098895
           8.02498          0.097119
           8.03742          0.095608
           8.04990          0.094490
           8.06242          0.093832
           8.07498          0.093320
           8.08757          0.093265
           8.10021          0.093557
           8.11289          0.094063
           8.12560          0.094508
           8.13836          0.094563
           8.15116          0.093955
           8.16399          0.092997
           8.17687          0.092067
           8.18979          0.091724
           8.20275          0.092317
           8.21575          0.093842
           8.22879          0.095566
           8.24187          0.097259
           8.25499          0.098810
           8.26816          0.100293
           8.28137          0.101466
           8.29462          0.102309
           8.30791          0.103069
           8.32124          0.104172
           8.33462          0.105332
           8.34804          0.106548
           8.36151          0.107736
           8.37502          0.108674
           8.38857          0.109146
           8.40216          0.109262
           8.41580          0.108911
           8.42949          0.108359
           8.44322          0.108279
           8.45699          0.109171
           8.47081          0.110442
           8.48467          0.111973
           8.49858          0.113623
           8.51254          0.115244
           8.52654          0.116800
           8.54058          0.118158
           8.55468          0.119438
           8.56882          0.120579
           8.58300          0.121362
           8.59724          0.121857
           8.61152          0.121909
           8.62585          0.121539
           8.64023          0.120939
           8.65465          0.120421
           8.66912          0.119746
           8.68364          0.119118
           8.69821          0.118673
           8.71283          0.118480
           8.72750          0.118273
           8.74222          0.118035
           8.75699          0.117445
           8.77180          0.116792
           8.78667          0.116335
           8.80159          0.116147
           8.81656          0.116219
           8.83158          0.116537
           8.84665          0.116832
           8.86177          0.117543
           8.87694          0.118335
           8.89217          0.119236
           8.90745          0.120406
           8.92278          0.121782
           8.93816          0.122837
           8.95360          0.123302
           8.96909          0.122722
           8.98464          0.120626
           9.00023          0.116975
           9.01589          0.112986
           9.03159          0.108856
           9.04736          0.105007
           9.06317          0.101661
           9.07905          0.098865
           9.09497          0.097507
           9.11096          0.098299
           9.12700          0.100143
           9.14310          0.101878
           9.15925          0.103269
           9.17546          0.104835
           9.19173          0.106448
           9.20806          0.108406
           9.22444          0.111117
           9.24088          0.114776
           9.25738          0.118673
           9.27394          0.122525
           9.29056          0.126166
           9.30724          0.129643
           9.32398          0.132611
           9.34078          0.135188
           9.35764          0.137296
           9.37457          0.139229
           9.39155          0.141010
           9.40859          0.142853
           9.42570          0.144574
           9.44287          0.146117
           9.46010          0.147620
           9.47740          0.148963
           9.49475          0.149869
           9.51217          0.150459
           9.52966          0.150904
           9.54721          0.151239
           9.56483          0.151317
           9.58250          0.151222
           9.60025          0.151097
           9.61806          0.151202
           9.63594          0.151687
           9.65388          0.152175
           9.67189          0.152217
           9.68997          0.152325
           9.70812          0.152302
           9.72633          0.152152
           9.74462          0.151865
           9.76297          0.151540
           9.78139          0.151019
           9.79988          0.150299
           9.81844          0.149546
           9.83707          0.148678
           9.85577          0.147578
           9.87454          0.146455
           9.89339          0.145187
           9.91230          0.144076
           9.93129          0.142926
           9.95036          0.141778
           9.96949          0.140395
           9.98870          0.139077
          10.00798          0.137751
          10.02734          0.136321
          10.04677          0.134897
          10.06628          0.133422
          10.08587          0.132031
          10.10553          0.130701
          10.12526          0.129270
          10.14508          0.127899
          10.16497          0.126686
          10.18494          0.125631
          10.20499          0.124528
          10.22512          0.123580
          10.24533          0.122717
          10.26561          0.121934
          10.28598          0.121027
          10.30643          0.120231
          10.32696          0.119546
          10.34757          0.118978
          10.36827          0.118420
          10.38905          0.118308
          10.40991          0.118348
          10.43086          0.118638
          10.45188          0.119148
          10.47300          0.119909
          10.49420          0.120771
          10.51549          0.122074
          10.53686          0.123445
          10.55832          0.124956
          10.57987          0.126589
          10.60150          0.128505
          10.62323          0.130636
          10.64504          0.132994
          10.66694          0.135533
          10.68894          0.138274
          10.71102          0.141253
          10.73320          0.144411
          10.75547          0.147848
          10.77783          0.151489
          10.80028          0.155219
          10.82283          0.159390
          10.84547          0.163967
          10.86821          0.168919
          10.89104          0.174079
          10.91397          0.179702
          10.93699          0.185947
          10.96012          0.192677
          10.98334          0.199880
          11.00666          0.207173
          11.03007          0.211925
          11.05359          0.205420
          11.07721          0.184056
          11.10093          0.161719
          11.12475          0.148291
          11.14868          0.141328
          11.17271          0.137196
          11.19684          0.134092
          11.22107          0.131033
          11.24541          0.127699
          11.26986          0.123883
          11.29441          0.119776
          11.31907          0.115524
          11.34384          0.110817
          11.36872          0.105960
          11.39370          0.101763
          11.41880          0.098009
          11.44401          0.094368
          11.46933          0.091336
          11.49476          0.090166
          11.52030          0.091271
          11.54596          0.093332
          11.57173          0.095038
          11.59762          0.096006
          11.62362          0.095628
          11.64974          0.093005
          11.67598          0.083433
          11.70234          0.070192
          11.72881          0.071210
          11.75541          0.083533
          11.78213          0.092197
          11.80896          0.095648
          11.83592          0.096589
          11.86301          0.096911
          11.89022          0.096851
          11.91755          0.096521
          11.94501          0.096088
          11.97260          0.096021
          12.00031          0.095843
          12.02816          0.095631
          12.05613          0.095636
          12.08423          0.095786
          12.11246          0.095933
          12.14083          0.096404
          12.16933          0.096966
          12.19796          0.097667
          12.22673          0.098587
          12.25564          0.099200
          12.28468          0.099525
          12.31386          0.100105
          12.34318          0.100490
          12.37264          0.100898
          12.40224          0.101178
          12.43198          0.101396
          12.46186          0.101493
          12.49189          0.101541
          12.52207          0.101356
          12.55238          0.100878
          12.58285          0.100670
          12.61347          0.100505
          12.64423          0.099933
          12.67515          0.099102
          12.70621          0.098139
          12.73743          0.097396
          12.76881          0.096376
          12.80033          0.094725
          12.83202          0.092514
          12.86386          0.090113
          12.89586          0.087315
          12.92802          0.084416
          12.96034          0.080869
          12.99282          0.076330
          13.02546          0.071453
          13.05827          0.066253
          13.09125          0.060373
          13.12439          0.054151
          13.15770          0.047665
          13.19118          0.041468
          13.22483          0.036073
          13.25866          0.032151
          13.29265          0.030886
          13.32683          0.035550
          13.36117          0.046110
          13.39570          0.056176
          13.43040          0.060156
          13.46529          0.059500
          13.50035          0.057534
          13.53560          0.056129
          13.57103          0.055541
          13.60665          0.055696
          13.64246          0.056284
          13.67846          0.057349
          13.71464          0.058342
          13.75102          0.059263
          13.78759          0.060273
          13.82436          0.061391
          13.86132          0.062664
          13.89849          0.064207
          13.93585          0.065816
          13.97341          0.067619
          14.01117          0.069370
          14.04915          0.070665
          14.08732          0.071590
          14.12571          0.072376
          14.16430          0.072468
          14.20311          0.072218
          14.24213          0.072143
          14.28136          0.072001
          14.32081          0.071643
          14.36049          0.071896
          14.40038          0.072308
          14.44049          0.072533
          14.48082          0.072441
          14.52139          0.072701
          14.56218          0.073094
          14.60320          0.073411
          14.64445          0.073629
          14.68593          0.073914
          14.72766          0.074012
          14.76962          0.074347
          14.81181          0.074329
          14.85425          0.074217
          14.89694          0.074049
          14.93987          0.074019
          14.98305          0.073786
          15.02648          0.073344
          15.07016          0.072648
          15.11410          0.071691
          15.15829          0.070570
          15.20274          0.069550
          15.24746          0.068517
          15.29243          0.067551
          15.33768          0.066356
          15.38319          0.065320
          15.42897          0.064092
          15.47503          0.062957
          15.52136          0.062184
          15.56797          0.061514
          15.61487          0.060283
          15.66204          0.058990
          15.70950          0.057700
          15.75725          0.056382
          15.80529          0.055211
          15.85362          0.054141
          15.90226          0.053100
          15.95119          0.052280
          16.00042          0.051342
          16.04995          0.050784
          16.09980          0.049966
          16.14995          0.049406
          16.20042          0.048606
          16.25121          0.047613
          16.30231          0.046735
          16.35374          0.046265
          16.40549          0.045342
          16.45757          0.044677
          16.50998          0.043874
          16.56273          0.042881
          16.61582          0.041660
          16.66924          0.040447
          16.72302          0.039239
          16.77714          0.038967
          16.83161          0.038576
          16.88643          0.037398
          16.94162          0.036093
          16.99716          0.035087
          17.05308          0.033952
          17.10936          0.033602
          17.16601          0.033309
          17.22304          0.032889
          17.28045          0.032214
          17.33824          0.032121
          17.39643          0.031616
          17.45500          0.030656
          17.51397          0.030005
          17.57334          0.029665
          17.63311          0.028820
          17.69329          0.028302
          17.75389          0.027422
          17.81490          0.026549
          17.87633          0.025661
          17.93818          0.024836
          18.00047          0.024153
          18.06319          0.023625
          18.12635          0.022747
          18.18995          0.021832
          18.25400          0.021167
          18.31850          0.020726
          18.38346          0.019728
          18.44888          0.018768
          18.51477          0.017985
          18.58113          0.017470
          18.64797          0.016184
          18.71529          0.014729
          18.78310          0.013331
          18.85140          0.012875
          18.92020          0.011975
          18.98951          0.011602
          19.05932          0.011297
          19.12965          0.010559
          19.20050          0.009577
          19.27188          0.009444
          19.34379          0.009371
          19.41624          0.009311
          19.48923          0.009682
          19.56277          0.010870
          19.63688          0.012370
          19.71154          0.014449
          19.78678          0.018268
          19.86259          0.024445
          19.93898          0.031799
          20.01596          0.041523
          20.09355          0.053055
          20.17173          0.066283
          20.25053          0.082473
          20.32994          0.100220
          20.40998          0.119483
          20.49065          0.140160
          20.57196          0.161489
          20.65392          0.183803
          20.73654          0.205007
          20.81982          0.225501
          20.90377          0.244156
          20.98840          0.260281
          21.07372          0.274127
          21.15973          0.285879
          21.24646          0.295348
          21.33389          0.303449
          21.42204          0.310330
          21.51093          0.315759
          21.60056          0.319609
          21.69094          0.322767
          21.78208          0.325996
          21.87399          0.328277
          21.96667          0.328497
          22.06015          0.326952
          22.15442          0.325258
          22.24951          0.323958
          22.34541          0.323173
          22.44214          0.321402
          22.53972          0.319311
          22.63814          0.317930
          22.73743          0.315985
          22.83760          0.314536
          22.93865          0.312288
          23.04060          0.309539
          23.14346          0.307521
          23.24724          0.306345
          23.35196          0.304230
          23.45763          0.305438
          23.56425          0.306578
          23.67185          0.307166
          23.78044          0.306998
          23.89002          0.307378
          24.00063          0.306053
          24.11226          0.305865
          24.22493          0.305077
          24.33866          0.304472
          24.45347          0.303239
          24.56936          0.303554
          24.68636          0.304230
          24.80447          0.304655
          24.92373          0.303992
          25.04413          0.307048
          25.16571          0.306758
          25.28846          0.308149
          25.41243          0.307683
          25.53761          0.313493
          25.66404          0.315134
          25.79172          0.321382
          25.92068          0.321349