           0.30000          0.082596
           0.30500          0.085956
           0.31000          0.093252
           0.31500          0.103220
           0.32000          0.115948
           0.32500          0.134811
           0.33000          0.158440
           0.33500          0.186999
           0.34000          0.220481
           0.34500          0.255715
           0.35000          0.290083
           0.35500          0.323275
           0.36000          0.355183
           0.36500          0.379748
           0.37000          0.399141
           0.37500          0.414417
           0.38000          0.423525
           0.38500          0.433141
           0.39000          0.444346
           0.39500          0.452396
           0.40000          0.461042
           0.40500          0.475301
           0.41000          0.498574
           0.41500          0.508469
           0.42000          0.513013
           0.42500          0.514906
           0.43000          0.516340
           0.43500          0.519868
           0.44000          0.525477
           0.44500          0.525642
           0.45000          0.520752
           0.45500          0.525233
           0.46000          0.535055
           0.46500          0.545593
           0.47000          0.549994
           0.47500          0.561110
           0.48000          0.575463
           0.48500          0.575570
           0.49000          0.576338
           0.49500          0.576646
           0.50000          0.597158
           0.50500          0.614433
           0.51000          0.624894
           0.51500          0.629792
           0.52000          0.635653
           0.52500          0.640507
           0.53000          0.645725
           0.53500          0.652686
           0.54000          0.663570
           0.54500          0.670373
           0.55000          0.675991
           0.55500          0.678417
           0.56000          0.680163
           0.56500          0.679892
           0.57000          0.678160
           0.57500          0.675389
           0.58000          0.672403
           0.58500          0.669943
           0.59000          0.664426
           0.59500          0.659832
           0.60000          0.655595
           0.60500          0.651456
           0.61000          0.644732
           0.61500          0.637249
           0.62000          0.630214
           0.62500          0.622437
           0.63000          0.618579
           0.63500          0.614995
           0.64000          0.615857
           0.64500          0.615470
           0.65000          0.619148
           0.65500          0.619630
           0.66000          0.622113
           0.66500          0.623467
           0.67000          0.622329
           0.67500          0.622511
           0.68000          0.619781
           0.68500          0.614818
           0.69000          0.609316
           0.69500          0.604382
           0.70000          0.597884
           0.70500          0.591337
           0.71000          0.583489
           0.71500          0.576514
           0.72000          0.568955
           0.72500          0.559755
           0.73000          0.551783
           0.73500          0.542592
           0.74000          0.532116
           0.74500          0.523586
           0.75000          0.512516
           0.75500          0.501563
           0.76000          0.491395
           0.76500          0.481398
           0.77000          0.471872
           0.77500          0.463235
           0.78000          0.453619
           0.78500          0.444518
           0.79000          0.435364
           0.79500          0.427746
           0.80000          0.420704
           0.80500          0.412561
           0.81000          0.405423
           0.81500          0.399507
           0.82000          0.393619
           0.82500          0.388761
           0.83000          0.383520
           0.83500          0.378785
           0.84000          0.375541
           0.84500          0.370925
           0.85000          0.367008
           0.85500          0.364056
           0.86000          0.360812
           0.86500          0.357787
           0.87000          0.354477
           0.87500          0.351217
           0.88000          0.347934
           0.88500          0.345366
           0.89000          0.341640
           0.89500          0.337529
           0.90000          0.333339
           0.90500          0.329071
           0.91000          0.325561
           0.91500          0.319875
           0.92000          0.313842
           0.92500          0.309555
           0.93000          0.302876
           0.93500          0.296430
           0.94000          0.289842
           0.94500          0.283192
           0.95000          0.277106
           0.95500          0.270834
           0.96000          0.263994
           0.96500          0.257745
           0.97000          0.250637
           0.97500          0.244420
           0.98000          0.239455
           0.98500          0.232676
           0.99000          0.227354
           0.99500          0.221640
           1.00000          0.217109
           1.00500          0.212747
           1.01000          0.208467
           1.01500          0.205597
           1.02000          0.202286
           1.02500          0.198723
           1.03000          0.196410
           1.03500          0.194630
           1.04000          0.194028
           1.04500          0.192351
           1.05000          0.191737
           1.05500          0.191963
           1.06000          0.191016
           1.06500          0.192934
           1.07000          0.194032
           1.07500          0.194500
           1.08000          0.196778
           1.08500          0.199199
           1.09000          0.201858
           1.09500          0.205102
           1.10000          0.208309
           1.10500          0.211939
           1.11000          0.214851
           1.11500          0.218212
           1.12000          0.222200
           1.12500          0.226234
           1.13000          0.229441
           1.13500          0.231850
           1.14000          0.235818
           1.14500          0.239052
           1.15000          0.241790
           1.15500          0.245126
           1.16000          0.248418
           1.16500          0.250859
           1.17000          0.252506
           1.17500          0.255213
           1.18000          0.256812
           1.18500          0.259776
           1.19000          0.260751
           1.19500          0.262767
           1.20000          0.264843
           1.20500          0.266992
           1.21000          0.268225
           1.21500          0.269909
           1.22000          0.271866
           1.22500          0.273487
           1.23000          0.275861
           1.23500          0.277713
           1.24000          0.279887
           1.24500          0.281602
           1.25000          0.283724
           1.25500          0.286130
           1.26000          0.289085
           1.26500          0.291189
           1.27000          0.293745
           1.27500          0.296565
           1.28000          0.299514
           1.28500          0.302617
           1.29000          0.305100
           1.29500          0.309293
           1.30000          0.313380
           1.30500          0.316894
           1.31000          0.320012
           1.31500          0.324417
           1.32000          0.328664
           1.32500          0.332396
           1.33000          0.335867
           1.33500          0.342859
           1.34000          0.346404
           1.34500          0.352488
           1.35000          0.356277
           1.35500          0.361072
           1.36000          0.365440
           1.36500          0.372246
           1.37000          0.377583
           1.37500          0.383858
           1.38000          0.389494
           1.38500          0.395211
           1.39000          0.401420
           1.39500          0.405519
           1.40000          0.411843
           1.40500          0.419135
           1.41000          0.426459
           1.41500          0.432711
           1.42000          0.438974
           1.42500          0.445659
           1.43000          0.452153
           1.43500          0.459740
           1.44000          0.466804
           1.44500          0.473131
           1.45000          0.479245
           1.45500          0.486321
           1.46000          0.492014
           1.46500          0.499601
           1.47000          0.506092
           1.47500          0.514044
           1.48000          0.520683
           1.48500          0.527436
           1.49000          0.535063
           1.49500          0.541679
           1.50000          0.547714
           1.50500          0.554330
           1.51000          0.559609
           1.51500          0.566872
           1.52000          0.573036
           1.52500          0.578128
           1.53000          0.585501
           1.53500          0.591110
           1.54000          0.597387
           1.54500          0.602549
           1.55000          0.608613
           1.55500          0.613710
           1.56000          0.620102
           1.56500          0.624518
           1.57000          0.629802
           1.57500          0.635040
           1.58000          0.639940
           1.58500          0.645399
           1.59000          0.649036
           1.59500          0.653737
           1.60000          0.656822
           1.60500          0.662843
           1.61000          0.666444
           1.61500          0.670436
           1.62000          0.673943
           1.62500          0.676579
           1.63000          0.680364
           1.63500          0.684376
           1.64000          0.687190
           1.64500          0.689730
           1.65000          0.694242
           1.65500          0.696250
           1.66000          0.697489
           1.66500          0.702085
           1.67000          0.705016
           1.67500          0.707510
           1.68000          0.709501
           1.68500          0.711298
           1.69000          0.713432
           1.69500          0.715940
           1.70000          0.717441
           1.70500          0.719346
           1.71000          0.721234
           1.71500          0.723527
           1.72000          0.724691
           1.72500          0.725855
           1.73000          0.726599
           1.73500          0.727017
           1.74000          0.728970
           1.74500          0.730022
           1.75000          0.731509
           1.75500          0.731783
           1.76000          0.732940
           1.76500          0.733945
           1.77000          0.734052
           1.77500          0.735390
           1.78000          0.734748
           1.78500          0.736118
           1.79000          0.736934
           1.79500          0.737913
           1.80000          0.738548
           1.80500          0.738700
           1.81000          0.739735
           1.81500          0.740980
           1.82000          0.739486
           1.82500          0.742176
           1.83000          0.739710
           1.83500          0.741841
           1.84000          0.742105
           1.84500          0.742990
           1.85000          0.743916
           1.85500          0.744299
           1.86000          0.743466
           1.86500          0.744889
           1.87000          0.746105
           1.87500          0.745900
           1.88000          0.746067
           1.88500          0.747293
           1.89000          0.746112
           1.89500          0.745576
           1.90000          0.746491
           1.90500          0.747199
           1.91000          0.749276
           1.91500          0.746666
           1.92000          0.747078
           1.92500          0.749288
           1.93000          0.748348
           1.93500          0.747487
           1.94000          0.747475
           1.94500          0.748871
           1.95000          0.748353
           1.95500          0.748313
           1.96000          0.748420
           1.96500          0.749277
           1.97000          0.748918
           1.97500          0.749310
           1.98000          0.749990
           1.98500          0.751509
           1.99000          0.751507
           1.99500          0.751660
           2.00000          0.750591
           2.00500          0.751247
           2.01000          0.751873
           2.01500          0.752792
           2.02000          0.752655
           2.02500          0.752803
           2.03000          0.752135
           2.03500          0.753615
           2.04000          0.753806
           2.04500          0.753974
           2.05000          0.753622
           2.05500          0.753716
           2.06000          0.753767
           2.06500          0.754260
           2.07000          0.755072
           2.07500          0.755200
           2.08000          0.754491
           2.08500          0.755117
           2.09000          0.756150
           2.09500          0.756158
           2.10000          0.756351
           2.10500          0.756585
           2.11000          0.757290
           2.11500          0.757585
           2.12000          0.757680
           2.12500          0.757019
           2.13000          0.757901
           2.13500          0.758073
           2.14000          0.758279
           2.14500          0.757952
           2.15000          0.757396
           2.15500          0.758184
           2.16000          0.758045
           2.16500          0.757098
           2.17000          0.755972
           2.17500          0.755896
           2.18000          0.755842
           2.18500          0.756824
           2.19000          0.757031
           2.19500          0.756902
           2.20000          0.757058
           2.20500          0.756485
           2.21000          0.757941
           2.21500          0.757304
           2.22000          0.757271
           2.22500          0.757635
           2.23000          0.758791
           2.23500          0.757778
           2.24000          0.758028
           2.24500          0.757013
           2.25000          0.758465
           2.25500          0.758176
           2.26000          0.758482
           2.26500          0.759075
           2.27000          0.759535
           2.27500          0.759766
           2.28000          0.759866
           2.28500          0.760086
           2.29000          0.759742
           2.29500          0.759984
           2.30000          0.761612
           2.30500          0.761766
           2.31000          0.762455
           2.31500          0.761242
           2.32000          0.761624
           2.32500          0.761922
           2.33000          0.761608
           2.33500          0.762879
           2.34000          0.761752
           2.34500          0.762364
           2.35000          0.761767
           2.35500          0.761650
           2.36000          0.762186
           2.36500          0.761666
           2.37000          0.762115
           2.37500          0.761860
           2.38000          0.762312
           2.38500          0.762511
           2.39000          0.761509
           2.39500          0.762155
           2.40000          0.763963
           2.40500          0.761721
           2.41000          0.762711
           2.41500          0.762352
           2.42000          0.761839
           2.42500          0.763946
           2.43000          0.764152
           2.43500          0.762957
           2.44000          0.762688
           2.44500          0.761609
           2.45000          0.761221
           2.45500          0.762484
           2.46000          0.762029
           2.46500          0.760401
           2.47000          0.760022
           2.47500          0.759719
           2.48000          0.761921
           2.48500          0.760329
           2.49000          0.760035
           2.49500          0.758931
           2.50000          0.759391
           2.50500          0.757965
           2.51000          0.757758
           2.51500          0.757184
           2.52000          0.756804
           2.52500          0.758029
           2.53000          0.756742
           2.53132          0.755944
           2.53255          0.755412
           2.53379          0.755994
           2.53503          0.756195
           2.53627          0.755888
           2.53751          0.756387
           2.53875          0.756406
           2.54000          0.756152
           2.54124          0.756193
           2.54249          0.756097
           2.54374          0.756007
           2.54499          0.756468
           2.54624          0.756231
           2.54749          0.756266
           2.54874          0.756657
           2.54999          0.756909
           2.55125          0.756619
           2.55250          0.756483
           2.55376          0.756404
           2.55502          0.757104
           2.55628          0.757522
           2.55754          0.757511
           2.55880          0.757515
           2.56007          0.757519
           2.56133          0.756952
           2.56260          0.757471
           2.56386          0.757871
           2.56513          0.758011
           2.56640          0.758461
           2.56767          0.758885
           2.56895          0.758311
           2.57022          0.758745
           2.57150          0.760004
           2.57277          0.759310
           2.57405          0.758429
           2.57533          0.760449
           2.57661          0.760233
           2.57789          0.760075
           2.57917          0.761109
           2.58046          0.760923
           2.58174          0.760448
           2.58303          0.761221
           2.58431          0.760833
           2.58560          0.762491
           2.58689          0.762928
           2.58819          0.762545
           2.58948          0.763091
           2.59077          0.763460
           2.59207          0.763760
           2.59336          0.763328
           2.59466          0.761398
           2.59596          0.763492
           2.59726          0.767727
           2.59856          0.768300
           2.59987          0.767513
           2.60117          0.767044
           2.60248          0.767153
           2.60378          0.767964
           2.60509          0.767113
           2.60640          0.767555
           2.60771          0.769556
           2.60903          0.770237
           2.61034          0.770150
           2.61166          0.770584
           2.61297          0.771093
           2.61429          0.771745
           2.61561          0.772089
           2.61693          0.771267
           2.61825          0.772974
           2.61957          0.773666
           2.62090          0.772553
           2.62222          0.774677
           2.62355          0.775228
           2.62488          0.775410
           2.62621          0.775069
           2.62754          0.775225
           2.62887          0.776773
           2.63021          0.776211
           2.63154          0.777019
           2.63288          0.778987
           2.63421          0.777958
           2.63555          0.777838
           2.63689          0.778113
           2.63824          0.778711
           2.63958          0.779142
           2.64092          0.779571
           2.64227          0.779536
           2.64362          0.779945
           2.64497          0.780433
           2.64632          0.780799
           2.64767          0.781703
           2.64902          0.782252
           2.65038          0.782225
           2.65173          0.781812
           2.65309          0.781774
           2.65445          0.782445
           2.65581          0.782754
           2.65717          0.783668
           2.65853          0.783275
           2.65989          0.782713
           2.66126          0.783955
           2.66263          0.785145
           2.66400          0.784888
           2.66536          0.783953
           2.66674          0.784531
           2.66811          0.786041
           2.66948          0.786052
           2.67086          0.784130
           2.67223          0.787125
           2.67361          0.788344
           2.67499          0.787121
           2.67637          0.785907
           2.67776          0.786540
           2.67914          0.787185
           2.68052          0.787746
           2.68191          0.788217
           2.68330          0.787488
           2.68469          0.787261
           2.68608          0.787379
           2.68747          0.787585
           2.68887          0.787742
           2.69026          0.787624
           2.69166          0.787170
           2.69306          0.786365
           2.69446          0.785555
           2.69586          0.786532
           2.69726          0.787004
           2.69866          0.786456
           2.70007          0.785513
           2.70148          0.784367
           2.70289          0.784259
           2.70430          0.784843
           2.70571          0.783885
           2.70712          0.783027
           2.70853          0.782102
           2.70995          0.781785
           2.71137          0.781539
           2.71279          0.782775
           2.71421          0.782713
           2.71563          0.782109
           2.71705          0.781907
           2.71848          0.781499
           2.71990          0.780029
           2.72133          0.779550
           2.72276          0.781747
           2.72419          0.780179
           2.72562          0.779501
           2.72706          0.781239
           2.72849          0.781015
           2.72993          0.779928
           2.73137          0.779478
           2.73281          0.778799
           2.73425          0.777261
           2.73569          0.776435
           2.73714          0.776890
           2.73858          0.775840
           2.74003          0.774388
           2.74148          0.775168
           2.74293          0.776110
           2.74438          0.775809
           2.74583          0.774417
           2.74729          0.773360
           2.74875          0.772580
           2.75020          0.772009
           2.75166          0.771264
           2.75313          0.770783
           2.75459          0.769309
           2.75605          0.767633
           2.75752          0.769315
           2.75899          0.769612
           2.76046          0.768475
           2.76193          0.767371
           2.76340          0.766429
           2.76487          0.766331
           2.76635          0.765856
           2.76782          0.764974
           2.76930          0.764713
           2.77078          0.764331
           2.77226          0.763894
           2.77375          0.763746
           2.77523          0.762816
           2.77672          0.761713
           2.77821          0.760651
           2.77970          0.759887
           2.78119          0.758885
           2.78268          0.758865
           2.78418          0.759136
           2.78567          0.758680
           2.78717          0.757514
           2.78867          0.757318
           2.79017          0.757574
           2.79167          0.757093
           2.79318          0.756177
           2.79468          0.755986
           2.79619          0.755532
           2.79770          0.754583
           2.79921          0.753559
           2.80072          0.753338
           2.80224          0.752377
           2.80375          0.751688
           2.80527          0.752458
           2.80679          0.752451
           2.80831          0.751836
           2.80983          0.751700
           2.81135          0.751492
           2.81288          0.751381
           2.81441          0.750845
           2.81593          0.750674
           2.81746          0.750455
           2.81900          0.750256
           2.82053          0.750103
           2.82207          0.749751
           2.82360          0.749246
           2.82514          0.749194
           2.82668          0.748905
           2.82822          0.748863
           2.82977          0.748659
           2.83131          0.748295
           2.83286          0.747483
           2.83441          0.747138
           2.83596          0.747048
           2.83751          0.746900
           2.83907          0.746781
           2.84062          0.746628
           2.84218          0.746131
           2.84374          0.745929
           2.84530          0.745858
           2.84686          0.745768
           2.84843          0.745520
           2.84999          0.745096
           2.85156          0.744507
           2.85313          0.744274
           2.85470          0.744455
           2.85627          0.744946
           2.85785          0.744861
           2.85942          0.744386
           2.86100          0.743982
           2.86258          0.743657
           2.86416          0.743418
           2.86575          0.743391
           2.86733          0.743003
           2.86892          0.743180
           2.87051          0.742929
           2.87210          0.742533
           2.87369          0.742467
           2.87528          0.742632
           2.87688          0.742372
           2.87848          0.742419
           2.88007          0.742563
           2.88168          0.742156
           2.88328          0.741858
           2.88488          0.741777
           2.88649          0.741936
           2.88810          0.741734
           2.88971          0.741477
           2.89132          0.741580
           2.89293          0.741354
           2.89455          0.740890
           2.89616          0.740687
           2.89778          0.740837
           2.89940          0.740844
           2.90103          0.740567
           2.90265          0.740759
           2.90428          0.740977
           2.90591          0.740426
           2.90754          0.740010
           2.90917          0.739866
           2.91080          0.740051
           2.91244          0.739672
           2.91407          0.739432
           2.91571          0.739546
           2.91735          0.739326
           2.91899          0.739031
           2.92064          0.739209
           2.92229          0.738780
           2.92393          0.738259
           2.92558          0.738338
           2.92724          0.738741
           2.92889          0.738414
           2.93055          0.738059
           2.93220          0.737871
           2.93386          0.737874
           2.93552          0.737647
           2.93719          0.737639
           2.93885          0.737270
           2.94052          0.736828
           2.94219          0.736571
           2.94386          0.736453
           2.94553          0.736386
           2.94721          0.736333
           2.94888          0.736097
           2.95056          0.735783
           2.95224          0.735480
           2.95392          0.735269
           2.95561          0.734895
           2.95729          0.734674
           2.95898          0.735024
           2.96067          0.734778
           2.96236          0.734240
           2.96406          0.733672
           2.96575          0.732952
           2.96745          0.732757
           2.96915          0.732818
           2.97085          0.732815
           2.97255          0.732681
           2.97426          0.732307
           2.97597          0.731876
           2.97768          0.731669
           2.97939          0.731046
           2.98110          0.730902
           2.98282          0.730767
           2.98453          0.730749
           2.98625          0.730359
           2.98797          0.729903
           2.98970          0.729348
           2.99142          0.729266
           2.99315          0.729501
           2.99488          0.729256
           2.99661          0.728710
           2.99834          0.728483
           3.00008          0.728365
           3.00182          0.728065
           3.00355          0.727692
           3.00530          0.728048
           3.00704          0.727710
           3.00878          0.727374
           3.01053          0.727255
           3.01228          0.726967
           3.01403          0.726695
           3.01579          0.727140
           3.01754          0.727246
           3.01930          0.727151
           3.02106          0.726706
           3.02282          0.726383
           3.02458          0.726291
           3.02635          0.726140
           3.02812          0.726061
           3.02989          0.726032
           3.03166          0.726039
           3.03343          0.725908
           3.03521          0.725556
           3.03699          0.725630
           3.03877          0.725723
           3.04055          0.725715
           3.04233          0.725354
           3.04412          0.725362
           3.04591          0.725455
           3.04770          0.725737
           3.04949          0.725475
           3.05129          0.724928
           3.05308          0.724738
           3.05488          0.725221
           3.05668          0.725138
           3.05849          0.724554
           3.06029          0.724420
           3.06210          0.724601
           3.06391          0.724552
           3.06572          0.724399
           3.06754          0.724158
           3.06935          0.724443
           3.07117          0.724412
           3.07299          0.724057
           3.07481          0.723891
           3.07664          0.723815
           3.07847          0.723697
           3.08029          0.723722
           3.08213          0.723619
           3.08396          0.723558
           3.08579          0.723487
           3.08763          0.723700
           3.08947          0.723862
           3.09131          0.723829
           3.09316          0.723528
           3.09501          0.723392
           3.09685          0.723092
           3.09871          0.723151
           3.10056          0.723061
           3.10241          0.723056
           3.10427          0.723178
           3.10613          0.723275
           3.10799          0.723233
           3.10986          0.723028
           3.11173          0.723155
           3.11359          0.723256
           3.11547          0.723001
           3.11734          0.722971
           3.11921          0.722980
           3.12109          0.722772
           3.12297          0.722699
           3.12486          0.722925
           3.12674          0.722916
           3.12863          0.722911
           3.13052          0.722841
           3.13241          0.722830
           3.13430          0.722887
           3.13620          0.722961
           3.13810          0.722687
           3.14000          0.722595
           3.14190          0.722662
           3.14381          0.722960
           3.14571          0.723200
           3.14762          0.723203
           3.14954          0.722916
           3.15145          0.723152
           3.15337          0.723340
           3.15529          0.723283
           3.15721          0.723406
           3.15913          0.723608
           3.16106          0.723455
           3.16299          0.723653
           3.16492          0.723840
           3.16685          0.723875
           3.16879          0.724154
           3.17072          0.724369
           3.17267          0.724241
           3.17461          0.724371
           3.17655          0.724438
           3.17850          0.724191
           3.18045          0.724098
           3.18240          0.724331
           3.18436          0.724429
           3.18632          0.724579
           3.18827          0.724645
           3.19024          0.724704
           3.19220          0.724853
           3.19417          0.725180
           3.19614          0.725218
           3.19811          0.725216
           3.20008          0.725239
           3.20206          0.725138
           3.20404          0.725295
           3.20602          0.725758
           3.20800          0.725881
           3.20999          0.725780
           3.21198          0.725518
           3.21397          0.725816
           3.21596          0.726042
           3.21796          0.726080
           3.21996          0.726337
           3.22196          0.726548
           3.22396          0.726570
           3.22597          0.726681
           3.22798          0.726809
           3.22999          0.726929
           3.23200          0.726965
           3.23402          0.727113
           3.23604          0.727244
           3.23806          0.727478
           3.24008          0.727465
           3.24211          0.727456
           3.24414          0.727778
           3.24617          0.727745
           3.24820          0.727734
           3.25024          0.728153
           3.25228          0.728147
           3.25432          0.727973
           3.25637          0.728044
           3.25841          0.728461
           3.26046          0.728603
           3.26251          0.728698
           3.26457          0.728818
           3.26663          0.728914
           3.26869          0.729043
           3.27075          0.729343
           3.27281          0.729294
           3.27488          0.729248
           3.27695          0.729386
           3.27902          0.729671
           3.28110          0.729523
           3.28318          0.729463
           3.28526          0.729477
           3.28734          0.729746
           3.28943          0.729862
           3.29151          0.729859
           3.29361          0.730039
           3.29570          0.730273
           3.29780          0.730134
           3.29990          0.730085
           3.30200          0.730164
           3.30410          0.730120
           3.30621          0.730082
           3.30832          0.730083
           3.31043          0.730009
           3.31255          0.729965
           3.31466          0.729700
           3.31679          0.729982
           3.31891          0.729897
           3.32103          0.729395
           3.32316          0.729141
           3.32529          0.729072
           3.32743          0.729073
           3.32957          0.729094
           3.33171          0.729018
           3.33385          0.728819
           3.33599          0.728568
           3.33814          0.728232
           3.34029          0.727776
           3.34245          0.727437
           3.34460          0.727006
           3.34676          0.726861
           3.34892          0.726649
           3.35109          0.726408
           3.35326          0.725939
           3.35543          0.725433
           3.35760          0.724958
           3.35978          0.724705
           3.36196          0.724287
           3.36414          0.723738
           3.36632          0.723086
           3.36851          0.722605
           3.37070          0.721819
           3.37289          0.721194
           3.37509          0.720731
           3.37729          0.720605
           3.37949          0.720848
           3.38169          0.721224
           3.38390          0.721893
           3.38611          0.722415
           3.38832          0.722953
           3.39054          0.723634
           3.39276          0.723844
           3.39498          0.723684
           3.39721          0.723170
           3.39943          0.722685
           3.40166          0.722213
           3.40390          0.721677
           3.40613          0.720743
           3.40837          0.719674
           3.41061          0.718795
           3.41286          0.718415
           3.41511          0.718019
           3.41736          0.717821
           3.41961          0.717894
           3.42187          0.718498
           3.42413          0.719444
           3.42639          0.720350
           3.42866          0.721489
           3.43093          0.722991
           3.43320          0.724375
           3.43548          0.725617
           3.43776          0.726608
           3.44004          0.727727
           3.44232          0.728631
           3.44461          0.729367
           3.44690          0.729777
           3.44919          0.730124
           3.45149          0.730522
           3.45379          0.731117
           3.45609          0.731545
           3.45840          0.731713
           3.46070          0.732121
           3.46302          0.732804
           3.46533          0.732963
           3.46765          0.732984
           3.46997          0.732959
           3.47229          0.732925
           3.47462          0.732829
           3.47695          0.732700
           3.47929          0.732723
           3.48162          0.732869
           3.48396          0.732766
           3.48630          0.732753
           3.48865          0.732746
           3.49100          0.732686
           3.49335          0.732133
           3.49571          0.731399
           3.49807          0.730773
           3.50043          0.730317
           3.50279          0.729776
           3.50516          0.729782
           3.50753          0.730061
           3.50991          0.730566
           3.51229          0.731594
           3.51467          0.732870
           3.51705          0.734257
           3.51944          0.735512
           3.52183          0.736399
           3.52423          0.737412
           3.52662          0.738151
           3.52902          0.738387
           3.53143          0.738558
           3.53383          0.738873
           3.53624          0.739203
           3.53866          0.739550
           3.54108          0.739691
           3.54350          0.739827
           3.54592          0.739916
           3.54835          0.740002
           3.55078          0.740145
           3.55321          0.740316
           3.55565          0.740330
           3.55809          0.740294
           3.56053          0.740273
           3.56298          0.740339
           3.56543          0.740185
           3.56788          0.740245
           3.57034          0.740380
           3.57280          0.740388
           3.57527          0.739975
           3.57773          0.739899
           3.58020          0.739937
           3.58268          0.740014
           3.58516          0.739967
           3.58764          0.739677
           3.59012          0.739541
           3.59261          0.739514
           3.59510          0.739255
           3.59760          0.739055
           3.60009          0.738845
           3.60260          0.738709
           3.60510          0.738441
           3.60761          0.738203
           3.61012          0.737827
           3.61264          0.737704
           3.61516          0.737407
           3.61768          0.737049
           3.62021          0.736724
           3.62274          0.736527
           3.62527          0.735837
           3.62781          0.735473
           3.63035          0.735390
           3.63289          0.735165
           3.63544          0.734791
           3.63799          0.734327
           3.64054          0.733677
           3.64310          0.733350
           3.64566          0.733020
           3.64823          0.732862
           3.65080          0.732406
           3.65337          0.731952
           3.65595          0.731502
           3.65853          0.731130
           3.66111          0.730828
           3.66370          0.730579
           3.66629          0.730238
           3.66889          0.729940
           3.67148          0.729515
           3.67409          0.729174
           3.67669          0.728742
           3.67930          0.728190
           3.68191          0.727522
           3.68453          0.727189
           3.68715          0.726779
           3.68978          0.726299
           3.69240          0.725639
           3.69504          0.724860
           3.69767          0.724132
           3.70031          0.723586
           3.70295          0.722928
           3.70560          0.722480
           3.70825          0.721746
           3.71091          0.721031
           3.71356          0.720337
           3.71623          0.719873
           3.71889          0.719127
           3.72156          0.718368
           3.72423          0.717812
           3.72691          0.717346
           3.72959          0.716567
           3.73228          0.715800
           3.73497          0.715074
           3.73766          0.714597
           3.74036          0.713928
           3.74306          0.713179
           3.74576          0.712413
           3.74847          0.711506
           3.75118          0.710722
           3.75390          0.710229
           3.75662          0.709476
           3.75934          0.708694
           3.76207          0.707917
           3.76480          0.707212
           3.76754          0.706486
           3.77028          0.705875
           3.77302          0.705130
           3.77577          0.704318
           3.77852          0.703570
           3.78128          0.702901
           3.78404          0.702031
           3.78680          0.701210
           3.78957          0.700459
           3.79234          0.699594
           3.79512          0.698772
           3.79790          0.698452
           3.80069          0.697843
           3.80347          0.697002
           3.80627          0.696201
           3.80906          0.695430
           3.81186          0.694502
           3.81467          0.693864
           3.81748          0.693388
           3.82029          0.692799
           3.82311          0.692012
           3.82593          0.691410
           3.82876          0.690781
           3.83159          0.690254
           3.83442          0.689741
           3.83726          0.689094
           3.84010          0.688486
           3.84295          0.688175
           3.84580          0.687808
           3.84865          0.687344
           3.85151          0.686895
           3.85438          0.686341
           3.85724          0.685732
           3.86012          0.685500
           3.86299          0.685084
           3.86587          0.684653
           3.86876          0.684129
           3.87165          0.683660
           3.87454          0.683102
           3.87744          0.682578
           3.88034          0.682199
           3.88325          0.681724
           3.88616          0.681121
           3.88907          0.680599
           3.89199          0.680013
           3.89492          0.679660
           3.89785          0.679272
           3.90078          0.678868
           3.90372          0.678099
           3.90666          0.677398
           3.90960          0.676865
           3.91255          0.676508
           3.91551          0.675696
           3.91847          0.674790
           3.92143          0.674198
           3.92440          0.673491
           3.92738          0.672634
           3.93035          0.671886
           3.93333          0.671056
           3.93632          0.670286
           3.93931          0.669528
           3.94231          0.668773
           3.94531          0.668047
           3.94831          0.667168
           3.95132          0.666005
           3.95434          0.665149
           3.95735          0.664272
           3.96038          0.663323
           3.96341          0.662062
           3.96644          0.660855
           3.96948          0.659713
           3.97252          0.658498
           3.97556          0.657170
           3.97861          0.655816
           3.98167          0.654415
           3.98473          0.653176
           3.98780          0.651735
           3.99087          0.650358
           3.99394          0.648873
           3.99702          0.647310
           4.00010          0.645956
           4.00319          0.644744
           4.00629          0.643256
           4.00939          0.641826
           4.01249          0.640703
           4.01560          0.639964
           4.01871          0.639249
           4.02183          0.638725
           4.02495          0.638266
           4.02808          0.638107
           4.03121          0.638030
           4.03435          0.638045
           4.03749          0.637960
           4.04064          0.637902
           4.04379          0.637763
           4.04694          0.637643
           4.05011          0.637431
           4.05327          0.637288
           4.05644          0.637037
           4.05962          0.636748
           4.06280          0.636344
           4.06599          0.635997
           4.06918          0.635664
           4.07238          0.635039
           4.07558          0.634270
           4.07878          0.633444
           4.08200          0.632530
           4.08521          0.631698
           4.08843          0.631051
           4.09166          0.630235
           4.09489          0.629342
           4.09813          0.628630
           4.10137          0.627818
           4.10462          0.626906
           4.10787          0.625875
           4.11113          0.624938
           4.11439          0.624049
           4.11766          0.623277
           4.12093          0.622455
           4.12421          0.621560
           4.12750          0.620509
           4.13079          0.619495
           4.13408          0.618385
           4.13738          0.617517
           4.14068          0.616662
           4.14399          0.615748
           4.14731          0.614658
           4.15063          0.613787
           4.15395          0.612990
           4.15729          0.611994
           4.16062          0.610956
           4.16396          0.610075
           4.16731          0.609089
           4.17066          0.608106
           4.17402          0.607066
           4.17739          0.606081
           4.18075          0.605134
           4.18413          0.604280
           4.18751          0.603275
           4.19089          0.602150
           4.19428          0.601307
           4.19768          0.600341
           4.20108          0.599251
           4.20449          0.598244
           4.20790          0.597012
           4.21132          0.595662
           4.21474          0.594147
           4.21817          0.592757
           4.22161          0.591297
           4.22505          0.590008
           4.22850          0.588963
           4.23195          0.588007
           4.23540          0.586918
           4.23887          0.585845
           4.24234          0.584964
           4.24581          0.584292
           4.24929          0.583590
           4.25278          0.583151
           4.25627          0.582798
           4.25977          0.582023
           4.26327          0.580538
           4.26678          0.579105
           4.27029          0.577939
           4.27381          0.577036
           4.27734          0.576034
           4.28087          0.575212
           4.28441          0.574574
           4.28795          0.573910
           4.29150          0.573092
           4.29506          0.572507
           4.29862          0.571902
           4.30219          0.571206
           4.30576          0.570544
           4.30934          0.570023
           4.31292          0.569521
           4.31652          0.568970
           4.32011          0.568323
           4.32372          0.567774
           4.32732          0.567040
           4.33094          0.566357
           4.33456          0.565524
           4.33819          0.565017
           4.34182          0.564473
           4.34546          0.563718
           4.34911          0.562915
           4.35276          0.562085
           4.35642          0.561121
           4.36008          0.560248
           4.36375          0.559547
           4.36743          0.558785
           4.37111          0.558037
           4.37480          0.557278
           4.37849          0.556399
           4.38219          0.555594
           4.38590          0.554988
           4.38961          0.554305
           4.39333          0.553631
           4.39706          0.552894
           4.40079          0.552039
           4.40453          0.551343
           4.40828          0.550551
           4.41203          0.549790
           4.41579          0.549167
           4.41955          0.548505
           4.42332          0.547798
           4.42710          0.547203
           4.43088          0.546460
           4.43468          0.545696
           4.43847          0.545089
           4.44228          0.544546
           4.44608          0.543624
           4.44990          0.542919
           4.45372          0.542236
           4.45755          0.541581
           4.46139          0.540907
           4.46523          0.540328
           4.46908          0.539613
           4.47294          0.538917
           4.47680          0.538357
           4.48067          0.537777
           4.48455          0.537044
           4.48843          0.536259
           4.49232          0.535546
           4.49621          0.535017
           4.50012          0.534230
           4.50403          0.533487
           4.50794          0.532756
           4.51187          0.531976
           4.51580          0.531318
           4.51973          0.530670
           4.52368          0.529808
           4.52763          0.529085
           4.53159          0.528482
           4.53555          0.527712
           4.53952          0.526930
           4.54350          0.526309
           4.54749          0.525623
           4.55148          0.524978
           4.55548          0.524010
           4.55949          0.523216
           4.56350          0.522554
           4.56752          0.521872
           4.57155          0.521171
           4.57558          0.520554
           4.57963          0.519580
           4.58367          0.518809
           4.58773          0.518135
           4.59179          0.517504
           4.59586          0.516915
           4.59994          0.516334
           4.60403          0.515708
           4.60812          0.515226
           4.61222          0.514673
           4.61633          0.514101
           4.62044          0.513456
           4.62456          0.512780
           4.62869          0.512198
           4.63283          0.511762
           4.63697          0.511177
           4.64112          0.510760
           4.64528          0.510300
           4.64945          0.509875
           4.65362          0.509381
           4.65780          0.508933
           4.66199          0.508482
           4.66619          0.508106
           4.67039          0.507629
           4.67460          0.507023
           4.67882          0.506402
           4.68305          0.506058
           4.68728          0.505644
           4.69152          0.505125
           4.69577          0.504705
           4.70003          0.504173
           4.70430          0.503504
           4.70857          0.502906
           4.71285          0.502357
           4.71714          0.501811
           4.72143          0.501178
           4.72574          0.500537
           4.73005          0.499838
           4.73437          0.499231
           4.73870          0.498465
           4.74303          0.497798
           4.74738          0.497088
           4.75173          0.496319
           4.75609          0.495470
           4.76045          0.494665
           4.76483          0.493835
           4.76921          0.492836
           4.77360          0.491714
           4.77800          0.490659
           4.78241          0.489541
           4.78683          0.488414
           4.79125          0.486999
           4.79568          0.485408
           4.80013          0.483705
           4.80457          0.482149
           4.80903          0.480396
           4.81350          0.478488
           4.81797          0.476435
           4.82245          0.474186
           4.82694          0.471676
           4.83144          0.469220
           4.83595          0.466474
           4.84046          0.463130
           4.84499          0.459305
           4.84952          0.455105
           4.85406          0.450166
           4.85861          0.444359
           4.86317          0.437723
           4.86773          0.430287
           4.87231          0.421939
           4.87689          0.413008
           4.88148          0.403672
           4.88608          0.393951
           4.89069          0.384132
           4.89531          0.374886
           4.89994          0.366451
           4.90457          0.358753
           4.90922          0.351721
           4.91387          0.345347
           4.91853          0.339502
           4.92321          0.333882
           4.92788          0.328485
           4.93257          0.323427
           4.93727          0.318950
           4.94198          0.315357
           4.94669          0.312997
           4.95142          0.312128
           4.95615          0.312464
           4.96090          0.313805
           4.96565          0.315895
           4.97041          0.318346
           4.97518          0.320891
           4.97996          0.323564
           4.98475          0.326146
           4.98954          0.328490
           4.99435          0.330691
           4.99917          0.332954
           5.00399          0.335151
           5.00883          0.337105
           5.01367          0.338814
           5.01852          0.340278
           5.02339          0.341624
           5.02826          0.342822
           5.03314          0.343791
           5.03803          0.344743
           5.04293          0.345437
           5.04784          0.345885
           5.05276          0.346166
           5.05769          0.346210
           5.06263          0.346002
           5.06758          0.345656
           5.07254          0.344949
           5.07751          0.343928
           5.08249          0.342798
           5.08747          0.341504
           5.09247          0.340109
           5.09748          0.338665
           5.10250          0.336794
           5.10752          0.334635
           5.11256          0.332444
           5.11761          0.330317
           5.12266          0.328187
           5.12773          0.325731
           5.13281          0.323222
           5.13789          0.320697
           5.14299          0.318014
           5.14810          0.315142
           5.15322          0.312270
           5.15834          0.309483
           5.16348          0.306860
           5.16863          0.304143
           5.17379          0.301493
           5.17896          0.298820
           5.18413          0.296033
           5.18932          0.293145
           5.19452          0.290147
           5.19973          0.287063
           5.20496          0.284134
           5.21019          0.281519
           5.21543          0.279427
           5.22068          0.277850
           5.22594          0.276796
           5.23122          0.276207
           5.23650          0.276084
           5.24179          0.276262
           5.24710          0.276543
           5.25242          0.276902
           5.25774          0.277220
           5.26308          0.277725
           5.26843          0.278134
           5.27379          0.278387
           5.27916          0.278721
           5.28454          0.278869
           5.28993          0.278672
           5.29534          0.278265
           5.30075          0.277627
           5.30618          0.277034
           5.31161          0.276507
           5.31706          0.275953
           5.32252          0.275346
           5.32799          0.274640
           5.33347          0.273876
           5.33896          0.272691
           5.34447          0.271066
           5.34998          0.269133
           5.35551          0.266709
           5.36105          0.263967
           5.36660          0.261447
           5.37216          0.259099
           5.37773          0.256804
           5.38332          0.254617
           5.38891          0.252632
           5.39452          0.250473
           5.40014          0.247896
           5.40577          0.245145
           5.41141          0.242433
           5.41707          0.239751
           5.42274          0.237391
           5.42841          0.235023
           5.43410          0.232890
           5.43981          0.231097
           5.44552          0.229659
           5.45125          0.228683
           5.45698          0.227968
           5.46273          0.227600
           5.46850          0.227622
           5.47427          0.227813
           5.48006          0.228264
           5.48586          0.228654
           5.49167          0.229058
           5.49749          0.229532
           5.50333          0.229827
           5.50918          0.229910
           5.51504          0.229641
           5.52091          0.229274
           5.52680          0.228716
           5.53269          0.227853
           5.53861          0.226636
           5.54453          0.225042
           5.55047          0.222957
           5.55641          0.220265
           5.56238          0.216634
           5.56835          0.212201
           5.57434          0.207205
           5.58034          0.201798
           5.58635          0.195648
           5.59238          0.189898
           5.59842          0.185201
           5.60447          0.181016
           5.61054          0.177835
           5.61661          0.175947
           5.62271          0.175191
           5.62881          0.175078
           5.63493          0.175677
           5.64106          0.176788
           5.64721          0.178344
           5.65336          0.180238
           5.65954          0.182937
           5.66572          0.185971
           5.67192          0.189573
           5.67813          0.193532
           5.68436          0.197619
           5.69060          0.201692
           5.69685          0.205980
           5.70312          0.210029
           5.70940          0.214098
           5.71569          0.218083
           5.72200          0.221861
           5.72833          0.225678
           5.73466          0.229412
           5.74101          0.232675
           5.74738          0.235502
           5.75376          0.237672
           5.76015          0.239035
           5.76656          0.239906
           5.77298          0.239535
           5.77941          0.238644
           5.78586          0.237861
           5.79233          0.236523
           5.79881          0.235035
           5.80530          0.233752
           5.81181          0.232434
           5.81833          0.231367
           5.82487          0.230395
           5.83142          0.228968
           5.83799          0.227845
           5.84457          0.226939
           5.85117          0.226016
           5.85778          0.225034
           5.86441          0.224223
           5.87105          0.223104
           5.87770          0.222478
           5.88438          0.222299
           5.89106          0.221578
           5.89776          0.221979
           5.90448          0.222194
           5.91121          0.222242
           5.91796          0.222558
           5.92473          0.222294
           5.93150          0.221919
           5.93830          0.221256
           5.94511          0.219345
           5.95193          0.217611
           5.95878          0.216340
           5.96563          0.214907
           5.97251          0.213339
           5.97939          0.211092
           5.98630          0.209828
           5.99322          0.208985
           6.00016          0.208470
           6.00711          0.209337
           6.01408          0.211827
           6.02106          0.215469
           6.02806          0.221059
           6.03508          0.228405
           6.04212          0.237231
           6.04917          0.246744
           6.05623          0.257852
           6.06332          0.268921
           6.07042          0.278892
           6.07753          0.288584
           6.08467          0.298077
           6.09182          0.306036
           6.09898          0.313065
           6.10617          0.319040
           6.11337          0.324259
           6.12058          0.328723
           6.12782          0.332451
           6.13507          0.335216
           6.14234          0.337753
           6.14963          0.339951
           6.15693          0.341601
           6.16425          0.342647
           6.17159          0.343419
           6.17895          0.343791
           6.18632          0.344023
           6.19371          0.343856
           6.20112          0.343572
           6.20854          0.343003
           6.21599          0.342170
           6.22345          0.341212
           6.23093          0.340346
           6.23843          0.339194
           6.24595          0.338119
           6.25348          0.336847
           6.26103          0.335727
           6.26860          0.334807
           6.27619          0.334157
           6.28380          0.333893
           6.29143          0.334048
           6.29907          0.334444
           6.30673          0.335523
           6.31442          0.336789
           6.32212          0.337909
           6.32984          0.338866
           6.33757          0.339661
           6.34533          0.340114
           6.35311          0.340234
           6.36090          0.340176
           6.36872          0.339868
           6.37655          0.339202
           6.38440          0.338476
           6.39227          0.337690
           6.40017          0.337049
           6.40808          0.336617
           6.41601          0.336082
           6.42396          0.335460
           6.43193          0.335361
           6.43992          0.335378
           6.44793          0.335255
           6.45596          0.334842
           6.46401          0.334556
           6.47208          0.334278
           6.48017          0.333693
           6.48828          0.332986
           6.49641          0.332198
           6.50456          0.331395
           6.51273          0.331076
           6.52092          0.330937
           6.52914          0.330521
           6.53737          0.330388
           6.54563          0.330456
           6.55390          0.330451
           6.56220          0.330532
           6.57051          0.330775
           6.57885          0.330786
           6.58721          0.330612
           6.59559          0.330644
           6.60399          0.330516
           6.61242          0.329859
           6.62086          0.328980
           6.62933          0.328182
           6.63782          0.327166
           6.64633          0.325472
           6.65486          0.323429
           6.66341          0.321759
           6.67199          0.319984
           6.68059          0.317959
           6.68921          0.315563
           6.69785          0.313035
           6.70651          0.310725
           6.71520          0.308140
           6.72391          0.305235
           6.73264          0.302298
           6.74140          0.299369
           6.75018          0.296336
           6.75898          0.293271
           6.76780          0.290233
           6.77665          0.287478
           6.78552          0.285021
           6.79441          0.283066
           6.80333          0.281211
           6.81227          0.280205
           6.82123          0.279906
           6.83022          0.279859
           6.83923          0.279796
           6.84826          0.279958
           6.85732          0.280148
           6.86640          0.280312
           6.87551          0.280086
           6.88464          0.279860
           6.89380          0.279411
           6.90298          0.278282
           6.91218          0.276646
           6.92141          0.274752
           6.93066          0.272825
           6.93994          0.270679
           6.94924          0.268198
           6.95857          0.265746
           6.96792          0.263052
           6.97730          0.260309
           6.98670          0.257674
           6.99613          0.254485
           7.00559          0.251182
           7.01507          0.248062
           7.02457          0.245150
           7.03410          0.242554
           7.04366          0.240637
           7.05325          0.239245
           7.06285          0.238142
           7.07249          0.237818
           7.08215          0.237946
           7.09184          0.238167
           7.10155          0.238314
           7.11130          0.238451
           7.12106          0.238241
           7.13086          0.237646
           7.14068          0.236818
           7.15053          0.235647
           7.16041          0.234160
           7.17031          0.233089
           7.18024          0.231916
           7.19020          0.230520
           7.20019          0.229418
           7.21020          0.228631
           7.22024          0.227870
           7.23031          0.227343
           7.24041          0.227127
           7.25054          0.227182
           7.26069          0.227258
           7.27088          0.227223
           7.28109          0.226974
           7.29133          0.226286
           7.30160          0.225422
           7.31190          0.224423
           7.32222          0.222848
           7.33258          0.220975
           7.34297          0.218935
           7.35338          0.216807
           7.36383          0.214918
           7.37430          0.213176
           7.38481          0.211526
           7.39534          0.209883
           7.40591          0.208208
           7.41650          0.206715
           7.42713          0.205210
           7.43778          0.203510
           7.44847          0.201708
           7.45919          0.199949
           7.46994          0.198443
           7.48071          0.197004
           7.49152          0.195440
           7.50237          0.194020
           7.51324          0.192831
           7.52414          0.191708
           7.53508          0.190682
           7.54605          0.190032
           7.55705          0.189506
           7.56808          0.189293
           7.57915          0.189292
           7.59024          0.189707
           7.60137          0.190471
           7.61253          0.191187
           7.62373          0.192033
           7.63496          0.193019
           7.64622          0.193822
           7.65751          0.194750
           7.66884          0.195563
           7.68020          0.196030
           7.69159          0.196229
           7.70302          0.196294
           7.71449          0.196178
           7.72598          0.196032
           7.73752          0.195683
           7.74908          0.195317
           7.76068          0.194774
           7.77232          0.194002
           7.78399          0.193365
           7.79569          0.193010
           7.80743          0.192757
           7.81921          0.192718
           7.83102          0.192877
           7.84287          0.193294
           7.85475          0.193753
           7.86667          0.194141
           7.87862          0.194504
           7.89062          0.194716
           7.90264          0.194719
           7.91471          0.194834
           7.92681          0.194736
           7.93895          0.194419
           7.95113          0.194015
           7.96334          0.193543
           7.97559          0.192898
           7.98788          0.192009
           8.00021          0.190739
           8.01257          0.189287
           8.02498          0.187769
           8.03742          0.186266
           8.04990          0.184781
           8.06242          0.183451
           8.07498          0.182013
           8.08757          0.180866
           8.10021          0.179583
           8.11289          0.178040
           8.12560          0.176317
           8.13836          0.174505
           8.15116          0.172254
           8.16399          0.170091
           8.17687          0.167932
           8.18979          0.165899
           8.20275          0.164031
           8.21575          0.162578
           8.22879          0.161426
           8.24187          0.160599
           8.25499          0.160010
           8.26816          0.159658
           8.28137          0.159213
           8.29462          0.158643
           8.30791          0.157971
           8.32124          0.157594
           8.33462          0.156901
           8.34804          0.155913
           8.36151          0.154965
           8.37502          0.153904
           8.38857          0.152361
           8.40216          0.150896
           8.41580          0.149618
           8.42949          0.148431
           8.44322          0.147336
           8.45699          0.146293
           8.47081          0.145244
           8.48467          0.144511
           8.49858          0.144070
           8.51254          0.143618
           8.52654          0.142974
           8.54058          0.142192
           8.55468          0.141477
           8.56882          0.140945
           8.58300          0.140033
           8.59724          0.139179
           8.61152          0.138191
           8.62585          0.137268
           8.64023          0.136525
           8.65465          0.135911
           8.66912          0.135032
           8.68364          0.133992
           8.69821          0.133204
           8.71283          0.132611
           8.72750          0.131880
           8.74222          0.131225
           8.75699          0.130310
           8.77180          0.129332
           8.78667          0.128407
           8.80159          0.127416
           8.81656          0.126548
           8.83158          0.125898
           8.84665          0.125259
           8.86177          0.125208
           8.87694          0.125595
           8.89217          0.126464
           8.90745          0.127817
           8.92278          0.129906
           8.93816          0.132985
           8.95360          0.137312
           8.96909          0.142591
           8.98464          0.149090
           9.00023          0.156423
           9.01589          0.164534
           9.03159          0.173983
           9.04736          0.184474
           9.06317          0.195702
           9.07905          0.207604
           9.09497          0.220353
           9.11096          0.233834
           9.12700          0.247808
           9.14310          0.261858
           9.15925          0.275822
           9.17546          0.290126
           9.19173          0.304801
           9.20806          0.319185
           9.22444          0.333000
           9.24088          0.346108
           9.25738          0.358332
           9.27394          0.369203
           9.29056          0.378850
           9.30724          0.387326
           9.32398          0.394953
           9.34078          0.401351
           9.35764          0.405807
           9.37457          0.407583
           9.39155          0.407458
           9.40859          0.405570
           9.42570          0.403115
           9.44287          0.400858
           9.46010          0.398647
           9.47740          0.396589
           9.49475          0.395024
           9.51217          0.394038
           9.52966          0.393687
           9.54721          0.393648
           9.56483          0.393823
           9.58250          0.394213
           9.60025          0.394849
           9.61806          0.396286
           9.63594          0.398821
           9.65388          0.401865
           9.67189          0.405506
           9.68997          0.409970
           9.70812          0.415435
           9.72633          0.421541
           9.74462          0.428017
           9.76297          0.435193
           9.78139          0.442566
           9.79988          0.449366
           9.81844          0.455899
           9.83707          0.461732
           9.85577          0.466731
           9.87454          0.470628
           9.89339          0.473771
           9.91230          0.475962
           9.93129          0.477101
           9.95036          0.476748
           9.96949          0.475304
           9.98870          0.473222
          10.00798          0.470700
          10.02734          0.468390
          10.04677          0.467489
          10.06628          0.468859
          10.08587          0.473675
          10.10553          0.482965
          10.12526          0.496267
          10.14508          0.508292
          10.16497          0.511669
          10.18494          0.502261
          10.20499          0.481554
          10.22512          0.454834
          10.24533          0.429024
          10.26561          0.408714
          10.28598          0.396346
          10.30643          0.392324
          10.32696          0.396965
          10.34757          0.409942
          10.36827          0.428985
          10.38905          0.450458
          10.40991          0.471079
          10.43086          0.493477
          10.45188          0.527488
          10.47300          0.568068
          10.49420          0.598276
          10.51549          0.613348
          10.53686          0.618084
          10.55832          0.617088
          10.57987          0.613370
          10.60150          0.608137
          10.62323          0.602095
          10.64504          0.595201
          10.66694          0.588210
          10.68894          0.580945
          10.71102          0.573291
          10.73320          0.565139
          10.75547          0.557060
          10.77783          0.549017
          10.80028          0.541551
          10.82283          0.533725
          10.84547          0.525393
          10.86821          0.516992
          10.89104          0.508983
          10.91397          0.501083
          10.93699          0.493617
          10.96012          0.486857
          10.98334          0.480281
          11.00666          0.473328
          11.03007          0.466353
          11.05359          0.459123
          11.07721          0.452117
          11.10093          0.445436
          11.12475          0.438949
          11.14868          0.432816
          11.17271          0.427052
          11.19684          0.421391
          11.22107          0.415713
          11.24541          0.409659
          11.26986          0.403199
          11.29441          0.396400
          11.31907          0.389073
          11.34384          0.381017
          11.36872          0.372446
          11.39370          0.362791
          11.41880          0.351825
          11.44401          0.339230
          11.46933          0.324357
          11.49476          0.307103
          11.52030          0.288561
          11.54596          0.270676
          11.57173          0.254860
          11.59762          0.241502
          11.62362          0.230507
          11.64974          0.221348
          11.67598          0.213716
          11.70234          0.206957
          11.72881          0.200591
          11.75541          0.194473
          11.78213          0.188959
          11.80896          0.184284
          11.83592          0.181351
          11.86301          0.182640
          11.89022          0.187600
          11.91755          0.192773
          11.94501          0.195880
          11.97260          0.196066
          12.00031          0.193474
          12.02816          0.189626
          12.05613          0.185664
          12.08423          0.182236
          12.11246          0.179182
          12.14083          0.176260
          12.16933          0.173689
          12.19796          0.171600
          12.22673          0.169130
          12.25564          0.166848
          12.28468          0.165016
          12.31386          0.163352
          12.34318          0.161885
          12.37264          0.160504
          12.40224          0.159082
          12.43198          0.157627
          12.46186          0.156639
          12.49189          0.155718
          12.52207          0.154236
          12.55238          0.153516
          12.58285          0.152760
          12.61347          0.151670
          12.64423          0.150860
          12.67515          0.150237
          12.70621          0.149517
          12.73743          0.148564
          12.76881          0.147545
          12.80033          0.146814
          12.83202          0.145886
          12.86386          0.145416
          12.89586          0.144767
          12.92802          0.143978
          12.96034          0.143270
          12.99282          0.142190
          13.02546          0.141352
          13.05827          0.140502
          13.09125          0.139455
          13.12439          0.138916
          13.15770          0.138119
          13.19118          0.136646
          13.22483          0.135800
          13.25866          0.134996
          13.29265          0.133801
          13.32683          0.132808
          13.36117          0.131786
          13.39570          0.130465
          13.43040          0.129447
          13.46529          0.128764
          13.50035          0.127758
          13.53560          0.126567
          13.57103          0.125230
          13.60665          0.124301
          13.64246          0.123674
          13.67846          0.122661
          13.71464          0.121271
          13.75102          0.120218
          13.78759          0.119150
          13.82436          0.118569
          13.86132          0.118039
          13.89849          0.117318
          13.93585          0.116252
          13.97341          0.114977
          14.01117          0.113677
          14.04915          0.112498
          14.08732          0.111097
          14.12571          0.110098
          14.16430          0.109167
          14.20311          0.108032
          14.24213          0.107207
          14.28136          0.106441
          14.32081          0.105236
          14.36049          0.104185
          14.40038          0.103426
          14.44049          0.103052
          14.48082          0.102711
          14.52139          0.101920
          14.56218          0.101041
          14.60320          0.100596
          14.64445          0.100451
          14.68593          0.100014
          14.72766          0.099321
          14.76962          0.099042
          14.81181          0.098914
          14.85425          0.098761
          14.89694          0.098267
          14.93987          0.098562
          14.98305          0.099144
          15.02648          0.099815
          15.07016          0.101788
          15.11410          0.104404
          15.15829          0.106907
          15.20274          0.110622
          15.24746          0.116208
          15.29243          0.123007
          15.33768          0.130427
          15.38319          0.137913
          15.42897          0.145594
          15.47503          0.152916
          15.52136          0.159308
          15.56797          0.164189
          15.61487          0.167774
          15.66204          0.170736
          15.70950          0.172649
          15.75725          0.173105
          15.80529          0.172864
          15.85362          0.172362
          15.90226          0.170918
          15.95119          0.168546
          16.00042          0.165966
          16.04995          0.163444
          16.09980          0.160409
          16.14995          0.156887
          16.20042          0.153309
          16.25121          0.150161
          16.30231          0.147051
          16.35374          0.144062
          16.40549          0.140890
          16.45757          0.137969
          16.50998          0.134457
          16.56273          0.131030
          16.61582          0.128742
          16.66924          0.126980
          16.72302          0.125028
          16.77714          0.123971
          16.83161          0.124613
          16.88643          0.126925
          16.94162          0.130629
          16.99716          0.135952
          17.05308          0.143459
          17.10936          0.152361
          17.16601          0.162047
          17.22304          0.173242
          17.28045          0.184362
          17.33824          0.194954
          17.39643          0.205639
          17.45500          0.216577
          17.51397          0.225946
          17.57334          0.235503
          17.63311          0.244401
          17.69329          0.252259
          17.75389          0.258878
          17.81490          0.263983
          17.87633          0.267627
          17.93818          0.271563
          18.00047          0.276135
          18.06319          0.281959
          18.12635          0.288941
          18.18995          0.296524
          18.25400          0.304413
          18.31850          0.309391
          18.38346          0.308314
          18.44888          0.304791
          18.51477          0.303035
          18.58113          0.305988
          18.64797          0.313327
          18.71529          0.326050
          18.78310          0.342510
          18.85140          0.357590
          18.92020          0.368225
          18.98951          0.372691
          19.05932          0.368783
          19.12965          0.359028
          19.20050          0.348027
          19.27188          0.335777
          19.34379          0.322861
          19.41624          0.311847
          19.48923          0.302127
          19.56277          0.292359
          19.63688          0.283722
          19.71154          0.279340
          19.78678          0.278814
          19.86259          0.279578
          19.93898          0.277912
          20.01596          0.268552
          20.09355          0.252637
          20.17173          0.234217
          20.25053          0.215794
          20.32994          0.198336
          20.40998          0.182137
          20.49065          0.168061
          20.57196          0.155748
          20.65392          0.147373
          20.73654          0.143429
          20.81982          0.145681
          20.90377          0.153811
          20.98840          0.165963
          21.07372          0.177263
          21.15973          0.185913
          21.24646          0.194215
          21.33389          0.199639
          21.42204          0.200788
          21.51093          0.197793
          21.60056          0.192290
          21.69094          0.189088
          21.78208          0.189711
          21.87399          0.197463
          21.96667          0.213877
          22.06015          0.234386
          22.15442          0.256317
          22.24951          0.281405
          22.34541          0.308486
          22.44214          0.333339
          22.53972          0.349534
          22.63814          0.356218
          22.73743          0.361369
          22.83760          0.367803
          22.93865          0.378601
          23.04060          0.398289
          23.14346          0.428372
          23.24724          0.461150
          23.35196          0.491762
          23.45763          0.518007
          23.56425          0.538724
          23.67185          0.555470
          23.78044          0.568555
          23.89002          0.576354
          24.00063          0.577852
          24.11226          0.576035
          24.22493          0.568109
          24.33866          0.544112
          24.45347          0.507426
          24.56936          0.471616
          24.68636          0.438589
          24.80447          0.407437
          24.92373          0.386759
          25.04413          0.378658
          25.16571          0.377255
          25.28846          0.374016
          25.41243          0.362648
          25.53761          0.346013
          25.66404          0.321721
          25.79172          0.292995
          25.92068          0.268740