           0.30000          0.182231
           0.30500          0.190342
           0.31000          0.204976
           0.31500          0.221979
           0.32000          0.241105
           0.32500          0.260927
           0.33000          0.282680
           0.33500          0.305237
           0.34000          0.330317
           0.34500          0.355248
           0.35000          0.381341
           0.35500          0.408408
           0.36000          0.433760
           0.36500          0.455202
           0.37000          0.478118
           0.37500          0.501041
           0.38000          0.521663
           0.38500          0.541576
           0.39000          0.564647
           0.39500          0.587250
           0.40000          0.604057
           0.40500          0.615027
           0.41000          0.628990
           0.41500          0.639154
           0.42000          0.649461
           0.42500          0.660244
           0.43000          0.670357
           0.43500          0.683283
           0.44000          0.692134
           0.44500          0.702313
           0.45000          0.708925
           0.45500          0.716214
           0.46000          0.725014
           0.46500          0.737494
           0.47000          0.752989
           0.47500          0.765001
           0.48000          0.774118
           0.48500          0.783480
           0.49000          0.790987
           0.49500          0.800525
           0.50000          0.806747
           0.50500          0.815310
           0.51000          0.822724
           0.51500          0.831240
           0.52000          0.834989
           0.52500          0.842444
           0.53000          0.846209
           0.53500          0.850937
           0.54000          0.852906
           0.54500          0.858191
           0.55000          0.860253
           0.55500          0.863362
           0.56000          0.863601
           0.56500          0.867453
           0.57000          0.868988
           0.57500          0.870481
           0.58000          0.871562
           0.58500          0.873871
           0.59000          0.875790
           0.59500          0.876769
           0.60000          0.878499
           0.60500          0.881754
           0.61000          0.880875
           0.61500          0.882546
           0.62000          0.881982
           0.62500          0.883709
           0.63000          0.883843
           0.63500          0.886067
           0.64000          0.887073
           0.64500          0.888780
           0.65000          0.887492
           0.65500          0.891049
           0.66000          0.893812
           0.66500          0.896348
           0.67000          0.896626
           0.67500          0.899675
           0.68000          0.902129
           0.68500          0.902151
           0.69000          0.905155
           0.69500          0.904956
           0.70000          0.906950
           0.70500          0.909412
           0.71000          0.908362
           0.71500          0.911021
           0.72000          0.911208
           0.72500          0.913192
           0.73000          0.916977
           0.73500          0.918804
           0.74000          0.916181
           0.74500          0.914793
           0.75000          0.914044
           0.75500          0.915386
           0.76000          0.919344
           0.76500          0.920515
           0.77000          0.917448
           0.77500          0.918393
           0.78000          0.918757
           0.78500          0.917872
           0.79000          0.916849
           0.79500          0.916845
           0.80000          0.913178
           0.80500          0.915447
           0.81000          0.912821
           0.81500          0.913804
           0.82000          0.914622
           0.82500          0.914341
           0.83000          0.911578
           0.83500          0.912489
           0.84000          0.915202
           0.84500          0.914916
           0.85000          0.913298
           0.85500          0.913702
           0.86000          0.914984
           0.86500          0.908661
           0.87000          0.909537
           0.87500          0.911488
           0.88000          0.912366
           0.88500          0.907185
           0.89000          0.912988
           0.89500          0.913979
           0.90000          0.913652
           0.90500          0.911724
           0.91000          0.908130
           0.91500          0.912518
           0.92000          0.909977
           0.92500          0.908438
           0.93000          0.908091
           0.93500          0.906381
           0.94000          0.908293
           0.94500          0.895020
           0.95000          0.888514
           0.95500          0.900552
           0.96000          0.896238
           0.96500          0.894016
           0.97000          0.896920
           0.97500          0.900328
           0.98000          0.899964
           0.98500          0.900961
           0.99000          0.900092
           0.99500          0.902300
           1.00000          0.902079
           1.00500          0.903755
           1.01000          0.904158
           1.01500          0.906562
           1.02000          0.907743
           1.02500          0.906328
           1.03000          0.907612
           1.03500          0.909840
           1.04000          0.908791
           1.04500          0.909690
           1.05000          0.910636
           1.05500          0.910463
           1.06000          0.912014
           1.06500          0.910576
           1.07000          0.912467
           1.07500          0.912115
           1.08000          0.913332
           1.08500          0.912761
           1.09000          0.912105
           1.09500          0.913878
           1.10000          0.912125
           1.10500          0.914424
           1.11000          0.913464
           1.11500          0.912057
           1.12000          0.911866
           1.12500          0.911803
           1.13000          0.911293
           1.13500          0.905806
           1.14000          0.903095
           1.14500          0.894352
           1.15000          0.885672
           1.15500          0.882106
           1.16000          0.884018
           1.16500          0.889825
           1.17000          0.893376
           1.17500          0.895570
           1.18000          0.900033
           1.18500          0.899560
           1.19000          0.901568
           1.19500          0.901285
           1.20000          0.903587
           1.20500          0.904119
           1.21000          0.902881
           1.21500          0.907060
           1.22000          0.905385
           1.22500          0.908631
           1.23000          0.906730
           1.23500          0.908995
           1.24000          0.908825
           1.24500          0.907480
           1.25000          0.910057
           1.25500          0.910481
           1.26000          0.908610
           1.26500          0.910257
           1.27000          0.906146
           1.27500          0.905097
           1.28000          0.903269
           1.28500          0.906821
           1.29000          0.907375
           1.29500          0.901646
           1.30000          0.901148
           1.30500          0.901083
           1.31000          0.899942
           1.31500          0.896147
           1.32000          0.889758
           1.32500          0.884438
           1.33000          0.878221
           1.33500          0.873789
           1.34000          0.869568
           1.34500          0.864132
           1.35000          0.858387
           1.35500          0.851140
           1.36000          0.845640
           1.36500          0.843914
           1.37000          0.834508
           1.37500          0.821349
           1.38000          0.796539
           1.38500          0.723929
           1.39000          0.572510
           1.39500          0.640725
           1.40000          0.683552
           1.40500          0.659212
           1.41000          0.638986
           1.41500          0.633306
           1.42000          0.641454
           1.42500          0.657416
           1.43000          0.672724
           1.43500          0.686743
           1.44000          0.698714
           1.44500          0.707093
           1.45000          0.713354
           1.45500          0.716030
           1.46000          0.714598
           1.46500          0.716250
           1.47000          0.724300
           1.47500          0.735817
           1.48000          0.749266
           1.48500          0.760109
           1.49000          0.767672
           1.49500          0.775656
           1.50000          0.782977
           1.50500          0.787806
           1.51000          0.794034
           1.51500          0.799260
           1.52000          0.802828
           1.52500          0.808119
           1.53000          0.812319
           1.53500          0.815594
           1.54000          0.820926
           1.54500          0.824613
           1.55000          0.828326
           1.55500          0.829717
           1.56000          0.833848
           1.56500          0.837431
           1.57000          0.840448
           1.57500          0.841027
           1.58000          0.842077
           1.58500          0.845756
           1.59000          0.847331
           1.59500          0.850049
           1.60000          0.850674
           1.60500          0.853800
           1.61000          0.851663
           1.61500          0.854101
           1.62000          0.855483
           1.62500          0.857310
           1.63000          0.855820
           1.63500          0.859670
           1.64000          0.859896
           1.64500          0.860602
           1.65000          0.863318
           1.65500          0.860700
           1.66000          0.860242
           1.66500          0.860317
           1.67000          0.860947
           1.67500          0.859450
           1.68000          0.859273
           1.68500          0.858051
           1.69000          0.859143
           1.69500          0.857407
           1.70000          0.855900
           1.70500          0.854742
           1.71000          0.852192
           1.71500          0.849582
           1.72000          0.847419
           1.72500          0.843822
           1.73000          0.841638
           1.73500          0.837634
           1.74000          0.833254
           1.74500          0.829551
           1.75000          0.826743
           1.75500          0.822116
           1.76000          0.818469
           1.76500          0.814421
           1.77000          0.811894
           1.77500          0.807240
           1.78000          0.804573
           1.78500          0.801618
           1.79000          0.798512
           1.79500          0.795697
           1.80000          0.792354
           1.80500          0.791904
           1.81000          0.788261
           1.81500          0.786171
           1.82000          0.784039
           1.82500          0.784547
           1.83000          0.779111
           1.83500          0.774394
           1.84000          0.773996
           1.84500          0.769961
           1.85000          0.763562
           1.85500          0.754848
           1.86000          0.743914
           1.86500          0.725255
           1.87000          0.696791
           1.87500          0.674363
           1.88000          0.631969
           1.88500          0.570737
           1.89000          0.500186
           1.89500          0.426868
           1.90000          0.371789
           1.90500          0.347265
           1.91000          0.352459
           1.91500          0.371579
           1.92000          0.396567
           1.92500          0.426098
           1.93000          0.447841
           1.93500          0.463602
           1.94000          0.475046
           1.94500          0.484551
           1.95000          0.491611
           1.95500          0.496760
           1.96000          0.504884
           1.96500          0.512701
           1.97000          0.522535
           1.97500          0.532589
           1.98000          0.543576
           1.98500          0.555399
           1.99000          0.565745
           1.99500          0.577597
           2.00000          0.590080
           2.00500          0.602187
           2.01000          0.611931
           2.01500          0.621416
           2.02000          0.630429
           2.02500          0.639542
           2.03000          0.646125
           2.03500          0.654229
           2.04000          0.659681
           2.04500          0.664322
           2.05000          0.669345
           2.05500          0.672375
           2.06000          0.674878
           2.06500          0.677689
           2.07000          0.681135
           2.07500          0.683008
           2.08000          0.683443
           2.08500          0.682516
           2.09000          0.682436
           2.09500          0.683934
           2.10000          0.687044
           2.10500          0.685673
           2.11000          0.689599
           2.11500          0.689352
           2.12000          0.691346
           2.12500          0.690985
           2.13000          0.692277
           2.13500          0.694694
           2.14000          0.697914
           2.14500          0.698661
           2.15000          0.698648
           2.15500          0.700478
           2.16000          0.699432
           2.16500          0.699325
           2.17000          0.698197
           2.17500          0.697830
           2.18000          0.700667
           2.18500          0.702208
           2.19000          0.701750
           2.19500          0.701438
           2.20000          0.701592
           2.20500          0.700181
           2.21000          0.700528
           2.21500          0.700674
           2.22000          0.698536
           2.22500          0.694941
           2.23000          0.692335
           2.23500          0.688382
           2.24000          0.687074
           2.24500          0.686133
           2.25000          0.685303
           2.25500          0.681252
           2.26000          0.677036
           2.26500          0.667121
           2.27000          0.656470
           2.27500          0.640368
           2.28000          0.614059
           2.28500          0.573394
           2.29000          0.531671
           2.29500          0.514962
           2.30000          0.520472
           2.30500          0.507785
           2.31000          0.460596
           2.31500          0.431884
           2.32000          0.440148
           2.32500          0.478467
           2.33000          0.524041
           2.33500          0.553668
           2.34000          0.567755
           2.34500          0.575003
           2.35000          0.572729
           2.35500          0.567832
           2.36000          0.560456
           2.36500          0.553392
           2.37000          0.538961
           2.37500          0.518294
           2.38000          0.498267
           2.38500          0.479974
           2.39000          0.469940
           2.39500          0.469862
           2.40000          0.479605
           2.40500          0.494620
           2.41000          0.499417
           2.41500          0.495673
           2.42000          0.485276
           2.42500          0.475341
           2.43000          0.467648
           2.43500          0.459006
           2.44000          0.457561
           2.44500          0.450437
           2.45000          0.443511
           2.45500          0.436458
           2.46000          0.426054
           2.46500          0.421411
           2.47000          0.416632
           2.47500          0.417079
           2.48000          0.414094
           2.48500          0.407686
           2.49000          0.401853
           2.49500          0.397362
           2.50000          0.394128
           2.50500          0.389780
           2.51000          0.385821
           2.51500          0.379626
           2.52000          0.377590
           2.52500          0.373573
           2.53000          0.368956
           2.53500          0.367263
           2.54000          0.368126
           2.54500          0.361915
           2.55000          0.360898
           2.55250          0.360269
           2.55376          0.359969
           2.55502          0.360653
           2.55628          0.360443
           2.55754          0.360147
           2.55880          0.359091
           2.56007          0.358321
           2.56133          0.357922
           2.56260          0.358114
           2.56386          0.358365
           2.56513          0.358953
           2.56640          0.359573
           2.56767          0.359150
           2.56895          0.358110
           2.57022          0.358359
           2.57150          0.358613
           2.57277          0.357657
           2.57405          0.356540
           2.57533          0.357629
           2.57661          0.357121
           2.57789          0.357228
           2.57917          0.357850
           2.58046          0.357068
           2.58174          0.356252
           2.58303          0.356329
           2.58431          0.355362
           2.58560          0.357030
           2.58689          0.356399
           2.58819          0.356049
           2.58948          0.357033
           2.59077          0.357594
           2.59207          0.356779
           2.59336          0.355262
           2.59466          0.353682
           2.59596          0.356321
           2.59726          0.358593
           2.59856          0.357232
           2.59987          0.355706
           2.60117          0.355037
           2.60248          0.354774
           2.60378          0.354661
           2.60509          0.353902
           2.60640          0.354072
           2.60771          0.355392
           2.60903          0.355435
           2.61034          0.354480
           2.61166          0.354269
           2.61297          0.353720
           2.61429          0.353476
           2.61561          0.352972
           2.61693          0.351548
           2.61825          0.352089
           2.61957          0.351910
           2.62090          0.350465
           2.62222          0.352040
           2.62355          0.351320
           2.62488          0.349686
           2.62621          0.348135
           2.62754          0.347457
           2.62887          0.347541
           2.63021          0.346095
           2.63154          0.346393
           2.63288          0.347016
           2.63421          0.345705
           2.63555          0.345162
           2.63689          0.343911
           2.63824          0.342917
           2.63958          0.341755
           2.64092          0.340589
           2.64227          0.339436
           2.64362          0.338908
           2.64497          0.337535
           2.64632          0.335997
           2.64767          0.335006
           2.64902          0.333727
           2.65038          0.331898
           2.65173          0.330325
           2.65309          0.328712
           2.65445          0.327561
           2.65581          0.325283
           2.65717          0.323626
           2.65853          0.321015
           2.65989          0.318111
           2.66126          0.315199
           2.66263          0.311879
           2.66400          0.307795
           2.66536          0.302889
           2.66674          0.297751
           2.66811          0.293454
           2.66948          0.288305
           2.67086          0.281209
           2.67223          0.274904
           2.67361          0.267423
           2.67499          0.259236
           2.67637          0.251207
           2.67776          0.242520
           2.67914          0.234553
           2.68052          0.226181
           2.68191          0.217554
           2.68330          0.209248
           2.68469          0.202023
           2.68608          0.194722
           2.68747          0.187886
           2.68887          0.181978
           2.69026          0.177644
           2.69166          0.173644
           2.69306          0.170426
           2.69446          0.167903
           2.69586          0.166740
           2.69726          0.165400
           2.69866          0.164019
           2.70007          0.162780
           2.70148          0.161040
           2.70289          0.157860
           2.70430          0.153654
           2.70571          0.147030
           2.70712          0.138421
           2.70853          0.127756
           2.70995          0.115817
           2.71137          0.102906
           2.71279          0.090279
           2.71421          0.079711
           2.71563          0.070515
           2.71705          0.062038
           2.71848          0.055495
           2.71990          0.051622
           2.72133          0.049740
           2.72276          0.050581
           2.72419          0.053512
           2.72562          0.057545
           2.72706          0.062558
           2.72849          0.068458
           2.72993          0.074897
           2.73137          0.081414
           2.73281          0.087240
           2.73425          0.091624
           2.73569          0.095362
           2.73714          0.098305
           2.73858          0.098921
           2.74003          0.099174
           2.74148          0.099544
           2.74293          0.100295
           2.74438          0.100190
           2.74583          0.098938
           2.74729          0.098251
           2.74875          0.098129
           2.75020          0.097555
           2.75166          0.096690
           2.75313          0.096098
           2.75459          0.095177
           2.75605          0.094641
           2.75752          0.095018
           2.75899          0.094898
           2.76046          0.094716
           2.76193          0.094568
           2.76340          0.094885
           2.76487          0.095103
           2.76635          0.095125
           2.76782          0.095356
           2.76930          0.095481
           2.77078          0.095760
           2.77226          0.095891
           2.77375          0.096159
           2.77523          0.096406
           2.77672          0.095982
           2.77821          0.095777
           2.77970          0.096106
           2.78119          0.096202
           2.78268          0.096523
           2.78418          0.096894
           2.78567          0.096702
           2.78717          0.096481
           2.78867          0.096455
           2.79017          0.096461
           2.79167          0.096672
           2.79318          0.097013
           2.79468          0.097088
           2.79619          0.097469
           2.79770          0.098005
           2.79921          0.098009
           2.80072          0.098092
           2.80224          0.098479
           2.80375          0.098709
           2.80527          0.099371
           2.80679          0.099680
           2.80831          0.099910
           2.80983          0.100084
           2.81135          0.100398
           2.81288          0.100863
           2.81441          0.101435
           2.81593          0.101437
           2.81746          0.101640
           2.81900          0.101951
           2.82053          0.102049
           2.82207          0.102479
           2.82360          0.102773
           2.82514          0.102696
           2.82668          0.102861
           2.82822          0.103051
           2.82977          0.103561
           2.83131          0.103854
           2.83286          0.103764
           2.83441          0.103645
           2.83596          0.103723
           2.83751          0.103968
           2.83907          0.104038
           2.84062          0.104001
           2.84218          0.104284
           2.84374          0.104508
           2.84530          0.104771
           2.84686          0.104650
           2.84843          0.104667
           2.84999          0.104828
           2.85156          0.104620
           2.85313          0.104578
           2.85470          0.104780
           2.85627          0.104985
           2.85785          0.104950
           2.85942          0.105323
           2.86100          0.105773
           2.86258          0.105688
           2.86416          0.105701
           2.86575          0.105770
           2.86733          0.105674
           2.86892          0.105743
           2.87051          0.106110
           2.87210          0.106030
           2.87369          0.105879
           2.87528          0.105963
           2.87688          0.106332
           2.87848          0.106768
           2.88007          0.106754
           2.88168          0.106609
           2.88328          0.106818
           2.88488          0.106984
           2.88649          0.107036
           2.88810          0.107074
           2.88971          0.107074
           2.89132          0.106835
           2.89293          0.106687
           2.89455          0.106858
           2.89616          0.106788
           2.89778          0.106552
           2.89940          0.106535
           2.90103          0.106541
           2.90265          0.106581
           2.90428          0.106338
           2.90591          0.106467
           2.90754          0.106382
           2.90917          0.106174
           2.91080          0.106422
           2.91244          0.106341
           2.91407          0.106254
           2.91571          0.106278
           2.91735          0.106463
           2.91899          0.106528
           2.92064          0.106338
           2.92229          0.106186
           2.92393          0.106150
           2.92558          0.106136
           2.92724          0.106197
           2.92889          0.106485
           2.93055          0.106590
           2.93220          0.106594
           2.93386          0.106907
           2.93552          0.106893
           2.93719          0.106719
           2.93885          0.106844
           2.94052          0.107092
           2.94219          0.107008
           2.94386          0.107065
           2.94553          0.107158
           2.94721          0.107143
           2.94888          0.107276
           2.95056          0.107548
           2.95224          0.107769
           2.95392          0.107871
           2.95561          0.107876
           2.95729          0.107926
           2.95898          0.108036
           2.96067          0.108341
           2.96236          0.108794
           2.96406          0.108978
           2.96575          0.109432
           2.96745          0.109504
           2.96915          0.109629
           2.97085          0.109697
           2.97255          0.109880
           2.97426          0.110196
           2.97597          0.110473
           2.97768          0.110961
           2.97939          0.111502
           2.98110          0.111934
           2.98282          0.112255
           2.98453          0.112404
           2.98625          0.112795
           2.98797          0.113132
           2.98970          0.113357
           2.99142          0.113850
           2.99315          0.114544
           2.99488          0.115031
           2.99661          0.115176
           2.99834          0.115360
           3.00008          0.115753
           3.00182          0.116302
           3.00355          0.116922
           3.00530          0.117534
           3.00704          0.117957
           3.00878          0.118120
           3.01053          0.118752
           3.01228          0.119361
           3.01403          0.119634
           3.01579          0.120027
           3.01754          0.120810
           3.01930          0.121395
           3.02106          0.121687
           3.02282          0.122347
           3.02458          0.122948
           3.02635          0.123467
           3.02812          0.124175
           3.02989          0.124803
           3.03166          0.125370
           3.03343          0.125946
           3.03521          0.126723
           3.03699          0.127320
           3.03877          0.127684
           3.04055          0.128099
           3.04233          0.128942
           3.04412          0.129577
           3.04591          0.129629
           3.04770          0.130063
           3.04949          0.130891
           3.05129          0.131727
           3.05308          0.132128
           3.05488          0.132305
           3.05668          0.132668
           3.05849          0.133079
           3.06029          0.133439
           3.06210          0.133958
           3.06391          0.134487
           3.06572          0.134994
           3.06754          0.135521
           3.06935          0.135803
           3.07117          0.135870
           3.07299          0.136126
           3.07481          0.136697
           3.07664          0.136765
           3.07847          0.136733
           3.08029          0.137094
           3.08213          0.137775
           3.08396          0.138104
           3.08579          0.138461
           3.08763          0.138788
           3.08947          0.139004
           3.09131          0.139451
           3.09316          0.139872
           3.09501          0.140576
           3.09685          0.141209
           3.09871          0.141452
           3.10056          0.141869
           3.10241          0.142302
           3.10427          0.142871
           3.10613          0.143610
           3.10799          0.144280
           3.10986          0.145084
           3.11173          0.146015
           3.11359          0.146693
           3.11547          0.147204
           3.11734          0.147963
           3.11921          0.148947
           3.12109          0.149777
           3.12297          0.150335
           3.12486          0.151210
           3.12674          0.152176
           3.12863          0.152767
           3.13052          0.153862
           3.13241          0.155212
           3.13430          0.156243
           3.13620          0.157121
           3.13810          0.158223
           3.14000          0.159048
           3.14190          0.160108
           3.14381          0.161320
           3.14571          0.162322
           3.14762          0.163302
           3.14954          0.164376
           3.15145          0.165510
           3.15337          0.166514
           3.15529          0.167358
           3.15721          0.168475
           3.15913          0.169517
           3.16106          0.170524
           3.16299          0.171614
           3.16492          0.172847
           3.16685          0.173996
           3.16879          0.175191
           3.17072          0.176474
           3.17267          0.177632
           3.17461          0.178640
           3.17655          0.179691
           3.17850          0.180798
           3.18045          0.181990
           3.18240          0.183257
           3.18436          0.184951
           3.18632          0.186455
           3.18827          0.187627
           3.19024          0.188747
           3.19220          0.189581
           3.19417          0.190358
           3.19614          0.191410
           3.19811          0.192776
           3.20008          0.194123
           3.20206          0.195178
           3.20404          0.196438
           3.20602          0.197722
           3.20800          0.198800
           3.20999          0.199803
           3.21198          0.200915
           3.21397          0.201974
           3.21596          0.203042
           3.21796          0.204191
           3.21996          0.205499
           3.22196          0.206901
           3.22396          0.207902
           3.22597          0.208777
           3.22798          0.209730
           3.22999          0.210662
           3.23200          0.211903
           3.23402          0.213106
           3.23604          0.214091
           3.23806          0.215069
           3.24008          0.216402
           3.24211          0.217707
           3.24414          0.218625
           3.24617          0.219583
           3.24820          0.220498
           3.25024          0.221331
           3.25228          0.222411
           3.25432          0.223266
           3.25637          0.224206
           3.25841          0.225044
           3.26046          0.225840
           3.26251          0.226735
           3.26457          0.227580
           3.26663          0.228366
           3.26869          0.229292
           3.27075          0.230313
           3.27281          0.230986
           3.27488          0.231534
           3.27695          0.232544
           3.27902          0.233286
           3.28110          0.233811
           3.28318          0.234459
           3.28526          0.235122
           3.28734          0.235861
           3.28943          0.236739
           3.29151          0.237576
           3.29361          0.238423
           3.29570          0.239107
           3.29780          0.239673
           3.29990          0.240337
           3.30200          0.240967
           3.30410          0.241573
           3.30621          0.242401
           3.30832          0.243351
           3.31043          0.244387
           3.31255          0.245650
           3.31466          0.246748
           3.31679          0.247717
           3.31891          0.248805
           3.32103          0.249726
           3.32316          0.250678
           3.32529          0.251712
           3.32743          0.252470
           3.32957          0.253210
           3.33171          0.253824
           3.33385          0.254545
           3.33599          0.255371
           3.33814          0.256006
           3.34029          0.256572
           3.34245          0.257366
           3.34460          0.258043
           3.34676          0.258581
           3.34892          0.259183
           3.35109          0.259808
           3.35326          0.260567
           3.35543          0.261239
           3.35760          0.261565
           3.35978          0.261998
           3.36196          0.262760
           3.36414          0.263536
           3.36632          0.264044
           3.36851          0.264503
           3.37070          0.265072
           3.37289          0.265628
           3.37509          0.266305
           3.37729          0.267068
           3.37949          0.267695
           3.38169          0.268599
           3.38390          0.269624
           3.38611          0.270683
           3.38832          0.271790
           3.39054          0.273054
           3.39276          0.273966
           3.39498          0.274689
           3.39721          0.275392
           3.39943          0.275742
           3.40166          0.276125
           3.40390          0.276574
           3.40613          0.276755
           3.40837          0.276900
           3.41061          0.277248
           3.41286          0.277866
           3.41511          0.278421
           3.41736          0.279242
           3.41961          0.280778
           3.42187          0.282533
           3.42413          0.284501
           3.42639          0.286614
           3.42866          0.288279
           3.43093          0.289711
           3.43320          0.291012
           3.43548          0.292335
           3.43776          0.293544
           3.44004          0.294742
           3.44232          0.295937
           3.44461          0.297041
           3.44690          0.297838
           3.44919          0.298696
           3.45149          0.299686
           3.45379          0.300696
           3.45609          0.301648
           3.45840          0.302626
           3.46070          0.303559
           3.46302          0.304343
           3.46533          0.305317
           3.46765          0.306229
           3.46997          0.306688
           3.47229          0.306968
           3.47462          0.306932
           3.47695          0.307322
           3.47929          0.307850
           3.48162          0.308442
           3.48396          0.308840
           3.48630          0.309528
           3.48865          0.310344
           3.49100          0.310860
           3.49335          0.311366
           3.49571          0.311868
           3.49807          0.312168
           3.50043          0.312902
           3.50279          0.313978
           3.50516          0.315381
           3.50753          0.317078
           3.50991          0.318745
           3.51229          0.320227
           3.51467          0.321722
           3.51705          0.323031
           3.51944          0.324357
           3.52183          0.325635
           3.52423          0.326974
           3.52662          0.328137
           3.52902          0.329125
           3.53143          0.330199
           3.53383          0.331379
           3.53624          0.332325
           3.53866          0.333436
           3.54108          0.334591
           3.54350          0.335573
           3.54592          0.336234
           3.54835          0.337007
           3.55078          0.337803
           3.55321          0.338602
           3.55565          0.339316
           3.55809          0.340277
           3.56053          0.341263
           3.56298          0.342017
           3.56543          0.342707
           3.56788          0.343527
           3.57034          0.344272
           3.57280          0.345224
           3.57527          0.346052
           3.57773          0.346811
           3.58020          0.347526
           3.58268          0.348263
           3.58516          0.349001
           3.58764          0.349845
           3.59012          0.350549
           3.59261          0.351409
           3.59510          0.352260
           3.59760          0.352863
           3.60009          0.353325
           3.60260          0.353985
           3.60510          0.354638
           3.60761          0.355411
           3.61012          0.356240
           3.61264          0.356903
           3.61516          0.357287
           3.61768          0.358087
           3.62021          0.358774
           3.62274          0.359308
           3.62527          0.359724
           3.62781          0.360341
           3.63035          0.361092
           3.63289          0.361701
           3.63544          0.362182
           3.63799          0.362798
           3.64054          0.363323
           3.64310          0.363941
           3.64566          0.364621
           3.64823          0.365045
           3.65080          0.365441
           3.65337          0.366143
           3.65595          0.366844
           3.65853          0.367475
           3.66111          0.368038
           3.66370          0.368492
           3.66629          0.368890
           3.66889          0.369318
           3.67148          0.369756
           3.67409          0.370394
           3.67669          0.370862
           3.67930          0.371220
           3.68191          0.371539
           3.68453          0.372194
           3.68715          0.372599
           3.68978          0.372784
           3.69240          0.373214
           3.69504          0.373981
           3.69767          0.374587
           3.70031          0.375228
           3.70295          0.375724
           3.70560          0.376382
           3.70825          0.377004
           3.71091          0.377488
           3.71356          0.377770
           3.71623          0.378351
           3.71889          0.378844
           3.72156          0.379320
           3.72423          0.379844
           3.72691          0.380282
           3.72959          0.380775
           3.73228          0.381234
           3.73497          0.381717
           3.73766          0.382164
           3.74036          0.382470
           3.74306          0.382883
           3.74576          0.383246
           3.74847          0.383690
           3.75118          0.384196
           3.75390          0.384655
           3.75662          0.384997
           3.75934          0.385290
           3.76207          0.385812
           3.76480          0.386378
           3.76754          0.386703
           3.77028          0.386995
           3.77302          0.387312
           3.77577          0.387777
           3.77852          0.388152
           3.78128          0.388495
           3.78404          0.388899
           3.78680          0.389345
           3.78957          0.389607
           3.79234          0.390107
           3.79512          0.390690
           3.79790          0.391191
           3.80069          0.391543
           3.80347          0.391636
           3.80627          0.391815
           3.80906          0.392291
           3.81186          0.392626
           3.81467          0.392869
           3.81748          0.393084
           3.82029          0.393342
           3.82311          0.393634
           3.82593          0.394087
           3.82876          0.394496
           3.83159          0.394865
           3.83442          0.394998
           3.83726          0.395238
           3.84010          0.395728
           3.84295          0.396243
           3.84580          0.396455
           3.84865          0.396655
           3.85151          0.396940
           3.85438          0.397354
           3.85724          0.397752
           3.86012          0.397988
           3.86299          0.398063
           3.86587          0.398419
           3.86876          0.398695
           3.87165          0.399015
           3.87454          0.399267
           3.87744          0.399728
           3.88034          0.399980
           3.88325          0.400251
           3.88616          0.400486
           3.88907          0.400500
           3.89199          0.400502
           3.89492          0.400728
           3.89785          0.400947
           3.90078          0.401219
           3.90372          0.401431
           3.90666          0.401532
           3.90960          0.401597
           3.91255          0.401844
           3.91551          0.401884
           3.91847          0.402034
           3.92143          0.402220
           3.92440          0.402283
           3.92738          0.402223
           3.93035          0.402389
           3.93333          0.402358
           3.93632          0.402217
           3.93931          0.402194
           3.94231          0.402298
           3.94531          0.402275
           3.94831          0.402303
           3.95132          0.402136
           3.95434          0.402011
           3.95735          0.401948
           3.96038          0.402027
           3.96341          0.401995
           3.96644          0.401988
           3.96948          0.401897
           3.97252          0.401813
           3.97556          0.401740
           3.97861          0.401714
           3.98167          0.401509
           3.98473          0.401388
           3.98780          0.401252
           3.99087          0.401128
           3.99394          0.401010
           3.99702          0.400851
           4.00010          0.400708
           4.00319          0.400699
           4.00629          0.400444
           4.00939          0.400228
           4.01249          0.400196
           4.01560          0.400089
           4.01871          0.399888
           4.02183          0.399867
           4.02495          0.399706
           4.02808          0.399628
           4.03121          0.399449
           4.03435          0.399308
           4.03749          0.399151
           4.04064          0.399233
           4.04379          0.399122
           4.04694          0.399036
           4.05011          0.398819
           4.05327          0.398514
           4.05644          0.398384
           4.05962          0.398295
           4.06280          0.398129
           4.06599          0.398070
           4.06918          0.397907
           4.07238          0.397764
           4.07558          0.397643
           4.07878          0.397487
           4.08200          0.397180
           4.08521          0.397108
           4.08843          0.397079
           4.09166          0.397038
           4.09489          0.396898
           4.09813          0.396686
           4.10137          0.396572
           4.10462          0.396624
           4.10787          0.396412
           4.11113          0.396178
           4.11439          0.396129
           4.11766          0.396080
           4.12093          0.395853
           4.12421          0.395706
           4.12750          0.395535
           4.13079          0.395437
           4.13408          0.395298
           4.13738          0.395174
           4.14068          0.394973
           4.14399          0.394999
           4.14731          0.394921
           4.15063          0.394747
           4.15395          0.394491
           4.15729          0.394404
           4.16062          0.394367
           4.16396          0.394375
           4.16731          0.394263
           4.17066          0.394032
           4.17402          0.393735
           4.17739          0.393735
           4.18075          0.393699
           4.18413          0.393546
           4.18751          0.393353
           4.19089          0.393270
           4.19428          0.393364
           4.19768          0.393344
           4.20108          0.393041
           4.20449          0.392875
           4.20790          0.392914
           4.21132          0.393119
           4.21474          0.393449
           4.21817          0.393778
           4.22161          0.393999
           4.22505          0.394283
           4.22850          0.394479
           4.23195          0.394771
           4.23540          0.394699
           4.23887          0.394560
           4.24234          0.394476
           4.24581          0.394214
           4.24929          0.393588
           4.25278          0.392980
           4.25627          0.392348
           4.25977          0.391492
           4.26327          0.391076
           4.26678          0.391405
           4.27029          0.391667
           4.27381          0.391714
           4.27734          0.391783
           4.28087          0.391812
           4.28441          0.391688
           4.28795          0.391437
           4.29150          0.391200
           4.29506          0.391105
           4.29862          0.391009
           4.30219          0.390626
           4.30576          0.390057
           4.30934          0.389870
           4.31292          0.389693
           4.31652          0.389556
           4.32011          0.389090
           4.32372          0.388779
           4.32732          0.388582
           4.33094          0.388332
           4.33456          0.388094
           4.33819          0.388063
           4.34182          0.387829
           4.34546          0.387684
           4.34911          0.387459
           4.35276          0.387292
           4.35642          0.387119
           4.36008          0.387053
           4.36375          0.387053
           4.36743          0.387071
           4.37111          0.386928
           4.37480          0.386733
           4.37849          0.386371
           4.38219          0.386176
           4.38590          0.385906
           4.38961          0.385867
           4.39333          0.385749
           4.39706          0.385749
           4.40079          0.385661
           4.40453          0.385459
           4.40828          0.385173
           4.41203          0.384883
           4.41579          0.384732
           4.41955          0.384672
           4.42332          0.384340
           4.42710          0.384028
           4.43088          0.383863
           4.43468          0.383834
           4.43847          0.383448
           4.44228          0.383036
           4.44608          0.382781
           4.44990          0.382614
           4.45372          0.382170
           4.45755          0.381912
           4.46139          0.381722
           4.46523          0.381586
           4.46908          0.381284
           4.47294          0.381055
           4.47680          0.380701
           4.48067          0.380285
           4.48455          0.379903
           4.48843          0.379737
           4.49232          0.379344
           4.49621          0.379023
           4.50012          0.378773
           4.50403          0.378584
           4.50794          0.378215
           4.51187          0.378048
           4.51580          0.377794
           4.51973          0.377431
           4.52368          0.377063
           4.52763          0.376870
           4.53159          0.376631
           4.53555          0.376334
           4.53952          0.376062
           4.54350          0.375754
           4.54749          0.375364
           4.55148          0.375141
           4.55548          0.374697
           4.55949          0.374474
           4.56350          0.374071
           4.56752          0.373747
           4.57155          0.373488
           4.57558          0.373246
           4.57963          0.372686
           4.58367          0.372264
           4.58773          0.371848
           4.59179          0.371402
           4.59586          0.371015
           4.59994          0.370668
           4.60403          0.370106
           4.60812          0.369655
           4.61222          0.369084
           4.61633          0.368621
           4.62044          0.368080
           4.62456          0.367531
           4.62869          0.366888
           4.63283          0.366325
           4.63697          0.365680
           4.64112          0.365048
           4.64528          0.364397
           4.64945          0.363866
           4.65362          0.363270
           4.65780          0.362680
           4.66199          0.362012
           4.66619          0.361430
           4.67039          0.360722
           4.67460          0.360065
           4.67882          0.359375
           4.68305          0.358864
           4.68728          0.358211
           4.69152          0.357414
           4.69577          0.356759
           4.70003          0.356327
           4.70430          0.355574
           4.70857          0.354912
           4.71285          0.354182
           4.71714          0.353602
           4.72143          0.353244
           4.72574          0.352812
           4.73005          0.352098
           4.73437          0.351512
           4.73870          0.350955
           4.74303          0.350464
           4.74738          0.349923
           4.75173          0.349533
           4.75609          0.348947
           4.76045          0.348384
           4.76483          0.347722
           4.76921          0.347316
           4.77360          0.346854
           4.77800          0.346265
           4.78241          0.345618
           4.78683          0.345152
           4.79125          0.344557
           4.79568          0.343971
           4.80013          0.343362
           4.80457          0.342947
           4.80903          0.342522
           4.81350          0.342158
           4.81797          0.341734
           4.82245          0.341348
           4.82694          0.341002
           4.83144          0.340715
           4.83595          0.340372
           4.84046          0.340152
           4.84499          0.339885
           4.84952          0.339659
           4.85406          0.339397
           4.85861          0.339071
           4.86317          0.338648
           4.86773          0.338332
           4.87231          0.337792
           4.87689          0.337332
           4.88148          0.336987
           4.88608          0.336752
           4.89069          0.336544
           4.89531          0.336360
           4.89994          0.335886
           4.90457          0.335480
           4.90922          0.335075
           4.91387          0.334637
           4.91853          0.334241
           4.92321          0.333817
           4.92788          0.333359
           4.93257          0.333219
           4.93727          0.332923
           4.94198          0.332574
           4.94669          0.332108
           4.95142          0.331838
           4.95615          0.331552
           4.96090          0.331229
           4.96565          0.330914
           4.97041          0.330819
           4.97518          0.330464
           4.97996          0.330072
           4.98475          0.329710
           4.98954          0.329497
           4.99435          0.329263
           4.99917          0.329127
           5.00399          0.328920
           5.00883          0.328786
           5.01367          0.328533
           5.01852          0.328073
           5.02339          0.327525
           5.02826          0.327246
           5.03314          0.326963
           5.03803          0.326605
           5.04293          0.326154
           5.04784          0.325869
           5.05276          0.325288
           5.05769          0.324584
           5.06263          0.323773
           5.06758          0.322963
           5.07254          0.322056
           5.07751          0.321040
           5.08249          0.319803
           5.08747          0.318592
           5.09247          0.317139
           5.09748          0.315395
           5.10250          0.313427
           5.10752          0.311440
           5.11256          0.309170
           5.11761          0.306607
           5.12266          0.303850
           5.12773          0.301158
           5.13281          0.298360
           5.13789          0.295647
           5.14299          0.292790
           5.14810          0.289887
           5.15322          0.287105
           5.15834          0.284412
           5.16348          0.281670
           5.16863          0.279125
           5.17379          0.276573
           5.17896          0.274039
           5.18413          0.271375
           5.18932          0.268976
           5.19452          0.266694
           5.19973          0.264527
           5.20496          0.262396
           5.21019          0.260384
           5.21543          0.258462
           5.22068          0.256907
           5.22594          0.255325
           5.23122          0.253845
           5.23650          0.252473
           5.24179          0.251255
           5.24710          0.250119
           5.25242          0.249195
           5.25774          0.248415
           5.26308          0.247740
           5.26843          0.247067
           5.27379          0.246604
           5.27916          0.246069
           5.28454          0.245648
           5.28993          0.245218
           5.29534          0.244886
           5.30075          0.244617
           5.30618          0.244213
           5.31161          0.243862
           5.31706          0.243605
           5.32252          0.243215
           5.32799          0.242950
           5.33347          0.242701
           5.33896          0.242514
           5.34447          0.242282
           5.34998          0.241994
           5.35551          0.241781
           5.36105          0.241685
           5.36660          0.241387
           5.37216          0.241266
           5.37773          0.241073
           5.38332          0.240823
           5.38891          0.240606
           5.39452          0.240438
           5.40014          0.240228
           5.40577          0.240022
           5.41141          0.239693
           5.41707          0.239318
           5.42274          0.238750
           5.42841          0.238557
           5.43410          0.238236
           5.43981          0.237651
           5.44552          0.236964
           5.45125          0.236306
           5.45698          0.235515
           5.46273          0.234651
           5.46850          0.233870
           5.47427          0.233202
           5.48006          0.232314
           5.48586          0.231512
           5.49167          0.230484
           5.49749          0.229525
           5.50333          0.228522
           5.50918          0.227502
           5.51504          0.226371
           5.52091          0.225246
           5.52680          0.224010
           5.53269          0.222858
           5.53861          0.221690
           5.54453          0.220469
           5.55047          0.219194
           5.55641          0.218012
           5.56238          0.216988
           5.56835          0.215886
           5.57434          0.214746
           5.58034          0.213738
           5.58635          0.212956
           5.59238          0.212202
           5.59842          0.211342
           5.60447          0.210688
           5.61054          0.210095
           5.61661          0.209481
           5.62271          0.208860
           5.62881          0.208326
           5.63493          0.207851
           5.64106          0.207432
           5.64721          0.207265
           5.65336          0.207141
           5.65954          0.206736
           5.66572          0.206646
           5.67192          0.206376
           5.67813          0.206248
           5.68436          0.206436
           5.69060          0.206620
           5.69685          0.206851
           5.70312          0.207164
           5.70940          0.207218
           5.71569          0.207652
           5.72200          0.208001
           5.72833          0.208148
           5.73466          0.208229
           5.74101          0.208422
           5.74738          0.208251
           5.75376          0.208108
           5.76015          0.207862
           5.76656          0.207216
           5.77298          0.206932
           5.77941          0.206639
           5.78586          0.205798
           5.79233          0.205129
           5.79881          0.204283
           5.80530          0.203509
           5.81181          0.202653
           5.81833          0.201653
           5.82487          0.200425
           5.83142          0.199321
           5.83799          0.197728
           5.84457          0.196017
           5.85117          0.194057
           5.85778          0.192118
           5.86441          0.189991
           5.87105          0.187928
           5.87770          0.185665
           5.88438          0.183693
           5.89106          0.182030
           5.89776          0.180290
           5.90448          0.178767
           5.91121          0.177242
           5.91796          0.175555
           5.92473          0.173842
           5.93150          0.171875
           5.93830          0.169903
           5.94511          0.167719
           5.95193          0.165476
           5.95878          0.162864
           5.96563          0.160110
           5.97251          0.157161
           5.97939          0.154079
           5.98630          0.150953
           5.99322          0.147871
           6.00016          0.144464
           6.00711          0.141182
           6.01408          0.137684
           6.02106          0.134147
           6.02806          0.130528
           6.03508          0.126902
           6.04212          0.123306
           6.04917          0.120247
           6.05623          0.116670
           6.06332          0.113111
           6.07042          0.110010
           6.07753          0.106870
           6.08467          0.103646
           6.09182          0.100932
           6.09898          0.098409
           6.10617          0.096197
           6.11337          0.094346
           6.12058          0.092719
           6.12782          0.091185
           6.13507          0.090150
           6.14234          0.089446
           6.14963          0.089192
           6.15693          0.089322
           6.16425          0.090230
           6.17159          0.091806
           6.17895          0.093703
           6.18632          0.096271
           6.19371          0.100044
           6.20112          0.103760
           6.20854          0.107501
           6.21599          0.111840
           6.22345          0.116364
           6.23093          0.120963
           6.23843          0.125687
           6.24595          0.130415
           6.25348          0.134942
           6.26103          0.139400
           6.26860          0.143618
           6.27619          0.147584
           6.28380          0.151252
           6.29143          0.154688
           6.29907          0.158013
           6.30673          0.161202
           6.31442          0.164090
           6.32212          0.166876
           6.32984          0.169549
           6.33757          0.172070
           6.34533          0.174213
           6.35311          0.176648
           6.36090          0.178616
           6.36872          0.179990
           6.37655          0.181704
           6.38440          0.183581
           6.39227          0.184850
           6.40017          0.186126
           6.40808          0.187255
           6.41601          0.188452
           6.42396          0.190488
           6.43193          0.191999
           6.43992          0.193498
           6.44793          0.195386
           6.45596          0.197163
           6.46401          0.199247
           6.47208          0.201328
           6.48017          0.203600
           6.48828          0.205818
           6.49641          0.208206
           6.50456          0.211089
           6.51273          0.213320
           6.52092          0.214702
           6.52914          0.216370
           6.53737          0.217663
           6.54563          0.218399
           6.55390          0.218821
           6.56220          0.219248
           6.57051          0.219325
           6.57885          0.219231
           6.58721          0.218994
           6.59559          0.218261
           6.60399          0.217435
           6.61242          0.216234
           6.62086          0.214859
           6.62933          0.213257
           6.63782          0.211638
           6.64633          0.209926
           6.65486          0.208020
           6.66341          0.205871
           6.67199          0.203666
           6.68059          0.201270
           6.68921          0.198771
           6.69785          0.196074
           6.70651          0.193362
           6.71520          0.190285
           6.72391          0.187105
           6.73264          0.183704
           6.74140          0.180125
           6.75018          0.176386
           6.75898          0.172728
           6.76780          0.169129
           6.77665          0.165427
           6.78552          0.161410
           6.79441          0.157619
           6.80333          0.153920
           6.81227          0.150770
           6.82123          0.147875
           6.83022          0.145212
           6.83923          0.142462
           6.84826          0.139780
           6.85732          0.137128
           6.86640          0.134712
           6.87551          0.132288
           6.88464          0.130131
           6.89380          0.127910
           6.90298          0.125918
           6.91218          0.123937
           6.92141          0.121975
           6.93066          0.119935
           6.93994          0.117983
           6.94924          0.115866
           6.95857          0.113981
           6.96792          0.111851
           6.97730          0.109675
           6.98670          0.107648
           6.99613          0.105880
           7.00559          0.104029
           7.01507          0.102430
           7.02457          0.100907
           7.03410          0.099565
           7.04366          0.098354
           7.05325          0.097342
           7.06285          0.096205
           7.07249          0.095538
           7.08215          0.094978
           7.09184          0.094666
           7.10155          0.094320
           7.11130          0.094011
           7.12106          0.093596
           7.13086          0.093299
           7.14068          0.092941
           7.15053          0.092655
           7.16041          0.092121
           7.17031          0.091769
           7.18024          0.091526
           7.19020          0.091413
           7.20019          0.091146
           7.21020          0.090981
           7.22024          0.090698
           7.23031          0.090462
           7.24041          0.090196
           7.25054          0.090107
           7.26069          0.089924
           7.27088          0.089850
           7.28109          0.089685
           7.29133          0.089694
           7.30160          0.089664
           7.31190          0.089759
           7.32222          0.089766
           7.33258          0.089994
           7.34297          0.090167
           7.35338          0.090374
           7.36383          0.090566
           7.37430          0.090824
           7.38481          0.090975
           7.39534          0.091287
           7.40591          0.091555
           7.41650          0.091991
           7.42713          0.092556
           7.43778          0.093136
           7.44847          0.093524
           7.45919          0.093925
           7.46994          0.094286
           7.48071          0.094741
           7.49152          0.095143
           7.50237          0.095461
           7.51324          0.095501
           7.52414          0.095613
           7.53508          0.095677
           7.54605          0.095700
           7.55705          0.095595
           7.56808          0.095374
           7.57915          0.095061
           7.59024          0.094805
           7.60137          0.094418
           7.61253          0.093838
           7.62373          0.093102
           7.63496          0.092439
           7.64622          0.091647
           7.65751          0.090804
           7.66884          0.089970
           7.68020          0.089171
           7.69159          0.088156
           7.70302          0.087049
           7.71449          0.085892
           7.72598          0.084961
           7.73752          0.083948
           7.74908          0.082749
           7.76068          0.081488
           7.77232          0.080437
           7.78399          0.079260
           7.79569          0.077921
           7.80743          0.076469
           7.81921          0.075151
           7.83102          0.073774
           7.84287          0.072461
           7.85475          0.071055
           7.86667          0.069661
           7.87862          0.068234
           7.89062          0.066797
           7.90264          0.065319
           7.91471          0.063799
           7.92681          0.062174
           7.93895          0.060616
           7.95113          0.058985
           7.96334          0.057463
           7.97559          0.055805
           7.98788          0.054125
           8.00021          0.052399
           8.01257          0.050823
           8.02498          0.049194
           8.03742          0.047495
           8.04990          0.045888
           8.06242          0.044445
           8.07498          0.042871
           8.08757          0.041257
           8.10021          0.039743
           8.11289          0.038369
           8.12560          0.036923
           8.13836          0.035593
           8.15116          0.034345
           8.16399          0.033336
           8.17687          0.032198
           8.18979          0.031063
           8.20275          0.029947
           8.21575          0.029231
           8.22879          0.028496
           8.24187          0.027889
           8.25499          0.027301
           8.26816          0.026815
           8.28137          0.026426
           8.29462          0.026220
           8.30791          0.026207
           8.32124          0.026420
           8.33462          0.026519
           8.34804          0.026760
           8.36151          0.027177
           8.37502          0.028129
           8.38857          0.029052
           8.40216          0.030163
           8.41580          0.031433
           8.42949          0.032978
           8.44322          0.034715
           8.45699          0.036848
           8.47081          0.039030
           8.48467          0.041570
           8.49858          0.044410
           8.51254          0.047717
           8.52654          0.051307
           8.54058          0.054978
           8.55468          0.058610
           8.56882          0.062638
           8.58300          0.067060
           8.59724          0.071620
           8.61152          0.075811
           8.62585          0.080057
           8.64023          0.084097
           8.65465          0.087731
           8.66912          0.090623
           8.68364          0.092747
           8.69821          0.094219
           8.71283          0.094718
           8.72750          0.094086
           8.74222          0.092762
           8.75699          0.091019
           8.77180          0.089168
           8.78667          0.087047
           8.80159          0.084841
           8.81656          0.082545
           8.83158          0.080342
           8.84665          0.078284
           8.86177          0.076357
           8.87694          0.074572
           8.89217          0.073028
           8.90745          0.071693
           8.92278          0.070579
           8.93816          0.069617
           8.95360          0.068703
           8.96909          0.067898
           8.98464          0.067259
           9.00023          0.066751
           9.01589          0.066575
           9.03159          0.066416
           9.04736          0.066131
           9.06317          0.065744
           9.07905          0.065693
           9.09497          0.065387
           9.11096          0.065161
           9.12700          0.065263
           9.14310          0.065547
           9.15925          0.065839
           9.17546          0.066156
           9.19173          0.066664
           9.20806          0.067352
           9.22444          0.068030
           9.24088          0.068976
           9.25738          0.070214
           9.27394          0.071669
           9.29056          0.073147
           9.30724          0.074492
           9.32398          0.075993
           9.34078          0.077838
           9.35764          0.079592
           9.37457          0.081473
           9.39155          0.083470
           9.40859          0.085401
           9.42570          0.087397
           9.44287          0.089272
           9.46010          0.090530
           9.47740          0.091350
           9.49475          0.091664
           9.51217          0.091694
           9.52966          0.091492
           9.54721          0.091134
           9.56483          0.090787
           9.58250          0.090527
           9.60025          0.090034
           9.61806          0.089462
           9.63594          0.088744
           9.65388          0.087827
           9.67189          0.086574
           9.68997          0.085226
           9.70812          0.083629
           9.72633          0.082261
           9.74462          0.080677
           9.76297          0.078897
           9.78139          0.077128
           9.79988          0.075555
           9.81844          0.073820
           9.83707          0.072067
           9.85577          0.070198
           9.87454          0.068322
           9.89339          0.066595
           9.91230          0.065204
           9.93129          0.063657
           9.95036          0.061961
           9.96949          0.060081
           9.98870          0.058439
          10.00798          0.057037
          10.02734          0.055708
          10.04677          0.054425
          10.06628          0.053354
          10.08587          0.051936
          10.10553          0.050713
          10.12526          0.049575
          10.14508          0.048393
          10.16497          0.047160
          10.18494          0.045927
          10.20499          0.044966
          10.22512          0.044205
          10.24533          0.043474
          10.26561          0.042672
          10.28598          0.041924
          10.30643          0.041254
          10.32696          0.040706
          10.34757          0.040398
          10.36827          0.039954
          10.38905          0.039463
          10.40991          0.039240
          10.43086          0.039234
          10.45188          0.038827
          10.47300          0.038638
          10.49420          0.038482
          10.51549          0.038387
          10.53686          0.038241
          10.55832          0.038172
          10.57987          0.038274
          10.60150          0.038504
          10.62323          0.038672
          10.64504          0.038938
          10.66694          0.039124
          10.68894          0.039151
          10.71102          0.039249
          10.73320          0.039508
          10.75547          0.039827
          10.77783          0.040374
          10.80028          0.040819
          10.82283          0.041226
          10.84547          0.041636
          10.86821          0.041931
          10.89104          0.042372
          10.91397          0.042917
          10.93699          0.043275
          10.96012          0.044019
          10.98334          0.044822
          11.00666          0.045846
          11.03007          0.046909
          11.05359          0.048162
          11.07721          0.049572
          11.10093          0.051186
          11.12475          0.053027
          11.14868          0.054825
          11.17271          0.056699
          11.19684          0.058772
          11.22107          0.060711
          11.24541          0.062964
          11.26986          0.065377
          11.29441          0.067748
          11.31907          0.069868
          11.34384          0.071848
          11.36872          0.073661
          11.39370          0.075326
          11.41880          0.076783
          11.44401          0.078267
          11.46933          0.079408
          11.49476          0.080192
          11.52030          0.080989
          11.54596          0.081840
          11.57173          0.082617
          11.59762          0.083349
          11.62362          0.083863
          11.64974          0.084207
          11.67598          0.084481
          11.70234          0.084909
          11.72881          0.084862
          11.75541          0.084871
          11.78213          0.084948
          11.80896          0.084796
          11.83592          0.084388
          11.86301          0.084155
          11.89022          0.083834
          11.91755          0.083085
          11.94501          0.081961
          11.97260          0.080752
          12.00031          0.079413
          12.02816          0.077823
          12.05613          0.075811
          12.08423          0.073470
          12.11246          0.070959
          12.14083          0.068448
          12.16933          0.065631
          12.19796          0.062964
          12.22673          0.061037
          12.25564          0.059692
          12.28468          0.058555
          12.31386          0.057678
          12.34318          0.056610
          12.37264          0.055626
          12.40224          0.055105
          12.43198          0.054699
          12.46186          0.054115
          12.49189          0.053746
          12.52207          0.053172
          12.55238          0.052875
          12.58285          0.052741
          12.61347          0.052430
          12.64423          0.052430
          12.67515          0.052624
          12.70621          0.052592
          12.73743          0.052450
          12.76881          0.052142
          12.80033          0.052231
          12.83202          0.052517
          12.86386          0.052812
          12.89586          0.053002
          12.92802          0.052762
          12.96034          0.052513
          12.99282          0.052288
          13.02546          0.052223
          13.05827          0.052000
          13.09125          0.051265
          13.12439          0.050600
          13.15770          0.050014
          13.19118          0.049053
          13.22483          0.047708
          13.25866          0.046545
          13.29265          0.045908
          13.32683          0.045137
          13.36117          0.044026
          13.39570          0.043091
          13.43040          0.041916
          13.46529          0.040834
          13.50035          0.039941
          13.53560          0.039402
          13.57103          0.038467
          13.60665          0.037361
          13.64246          0.036437
          13.67846          0.035616
          13.71464          0.034496
          13.75102          0.033315
          13.78759          0.032004
          13.82436          0.030527
          13.86132          0.028877
          13.89849          0.027334
          13.93585          0.025632
          13.97341          0.024021
          14.01117          0.022406
          14.04915          0.020509
          14.08732          0.018659
          14.12571          0.017482
          14.16430          0.016555
          14.20311          0.015880
          14.24213          0.015426
          14.28136          0.015201
          14.32081          0.015101
          14.36049          0.015170
          14.40038          0.015337
          14.44049          0.015958
          14.48082          0.016485
          14.52139          0.017166
          14.56218          0.017735
          14.60320          0.017905
          14.64445          0.018220
          14.68593          0.018867
          14.72766          0.019170
          14.76962          0.019266
          14.81181          0.019494
          14.85425          0.019979
          14.89694          0.020385
          14.93987          0.020827
          14.98305          0.021213
          15.02648          0.021790
          15.07016          0.022495
          15.11410          0.023096
          15.15829          0.023286
          15.20274          0.023321
          15.24746          0.023436
          15.29243          0.023728
          15.33768          0.023624
          15.38319          0.023349
          15.42897          0.023049
          15.47503          0.023000
          15.52136          0.022804
          15.56797          0.022729
          15.61487          0.022705
          15.66204          0.022697
          15.70950          0.022321
          15.75725          0.022152
          15.80529          0.022019
          15.85362          0.021857
          15.90226          0.021796
          15.95119          0.021722
          16.00042          0.021149
          16.04995          0.020887
          16.09980          0.020529
          16.14995          0.020330
          16.20042          0.019914
          16.25121          0.019248
          16.30231          0.018743
          16.35374          0.018517
          16.40549          0.018051
          16.45757          0.017634
          16.50998          0.016804
          16.56273          0.016316
          16.61582          0.015961
          16.66924          0.015262
          16.72302          0.014555
          16.77714          0.014188
          16.83161          0.013804
          16.88643          0.013623
          16.94162          0.013187
          16.99716          0.013204
          17.05308          0.013918
          17.10936          0.014661
          17.16601          0.016156
          17.22304          0.018547
          17.28045          0.021087
          17.33824          0.024454
          17.39643          0.028343
          17.45500          0.033277
          17.51397          0.038819
          17.57334          0.045054
          17.63311          0.051509
          17.69329          0.057633
          17.75389          0.063216
          17.81490          0.068240
          17.87633          0.072627
          17.93818          0.076801
          18.00047          0.080541
          18.06319          0.083137
          18.12635          0.085292
          18.18995          0.086935
          18.25400          0.088213
          18.31850          0.089293
          18.38346          0.090035
          18.44888          0.090432
          18.51477          0.090801
          18.58113          0.091240
          18.64797          0.091067
          18.71529          0.091414
          18.78310          0.092640
          18.85140          0.093579
          18.92020          0.093720
          18.98951          0.093186
          19.05932          0.092909
          19.12965          0.092057
          19.20050          0.091015
          19.27188          0.089479
          19.34379          0.088245
          19.41624          0.087684
          19.48923          0.085990
          19.56277          0.084885
          19.63688          0.084557
          19.71154          0.084310
          19.78678          0.082637
          19.86259          0.081405
          19.93898          0.080825
          20.01596          0.080215
          20.09355          0.079747
          20.17173          0.079410
          20.25053          0.078919
          20.32994          0.079427
          20.40998          0.080495
          20.49065          0.081642
          20.57196          0.082403
          20.65392          0.082414
          20.73654          0.082057
          20.81982          0.082195
          20.90377          0.082102
          20.98840          0.081344
          21.07372          0.080219
          21.15973          0.079578
          21.24646          0.079116
          21.33389          0.077658
          21.42204          0.076192
          21.51093          0.075286
          21.60056          0.073323
          21.69094          0.070278
          21.78208          0.067536
          21.87399          0.065840
          21.96667          0.063646
          22.06015          0.062079
          22.15442          0.061833
          22.24951          0.061825
          22.34541          0.062220
          22.44214          0.062685
          22.53972          0.062098
          22.63814          0.060342
          22.73743          0.058205
          22.83760          0.056990
          22.93865          0.055435
          23.04060          0.052470
          23.14346          0.051210
          23.24724          0.051448
          23.35196          0.049738
          23.45763          0.047050
          23.56425          0.045693
          23.67185          0.046338
          23.78044          0.046380
          23.89002          0.046129
          24.00063          0.045180
          24.11226          0.045016
          24.22493          0.044719
          24.33866          0.044557
          24.45347          0.043913
          24.56936          0.042054
          24.68636          0.041922
          24.80447          0.042286
          24.92373          0.042889
          25.04413          0.043537
          25.16571          0.041379
          25.28846          0.040060
          25.41243          0.038762
          25.53761          0.041859
          25.66404          0.046777
          25.79172          0.046585
          25.92068          0.043758