           0.30000          0.539693
           0.30500          0.550489
           0.31000          0.553775
           0.31500          0.564886
           0.32000          0.577362
           0.32500          0.582693
           0.33000          0.593888
           0.33500          0.609522
           0.34000          0.616079
           0.34500          0.622611
           0.35000          0.630612
           0.35500          0.642606
           0.36000          0.650095
           0.36500          0.659274
           0.37000          0.664998
           0.37500          0.677083
           0.38000          0.685571
           0.38500          0.692757
           0.39000          0.698869
           0.39500          0.705728
           0.40000          0.712318
           0.40500          0.717545
           0.41000          0.721979
           0.41500          0.729413
           0.42000          0.730931
           0.42500          0.737678
           0.43000          0.738822
           0.43500          0.744083
           0.44000          0.747360
           0.44500          0.752589
           0.45000          0.756921
           0.45500          0.760417
           0.46000          0.765303
           0.46500          0.767493
           0.47000          0.768991
           0.47500          0.771409
           0.48000          0.774136
           0.48500          0.775342
           0.49000          0.777933
           0.49500          0.780847
           0.50000          0.782908
           0.50500          0.786893
           0.51000          0.788857
           0.51500          0.789560
           0.52000          0.792979
           0.52500          0.797097
           0.53000          0.800898
           0.53500          0.803076
           0.54000          0.806154
           0.54500          0.808706
           0.55000          0.810323
           0.55500          0.812382
           0.56000          0.814237
           0.56500          0.815722
           0.57000          0.815584
           0.57500          0.817609
           0.58000          0.818733
           0.58500          0.819910
           0.59000          0.820938
           0.59500          0.822069
           0.60000          0.823555
           0.60500          0.823017
           0.61000          0.824618
           0.61500          0.825449
           0.62000          0.826145
           0.62500          0.827455
           0.63000          0.828765
           0.63500          0.830532
           0.64000          0.830914
           0.64500          0.832784
           0.65000          0.834138
           0.65500          0.835444
           0.66000          0.838175
           0.66500          0.837926
           0.67000          0.839942
           0.67500          0.840362
           0.68000          0.841316
           0.68500          0.843391
           0.69000          0.841167
           0.69500          0.843376
           0.70000          0.844363
           0.70500          0.844708
           0.71000          0.844246
           0.71500          0.848093
           0.72000          0.849082
           0.72500          0.848310
           0.73000          0.850802
           0.73500          0.849221
           0.74000          0.849625
           0.74500          0.849615
           0.75000          0.850131
           0.75500          0.848231
           0.76000          0.844089
           0.76500          0.845243
           0.77000          0.844008
           0.77500          0.844472
           0.78000          0.848396
           0.78500          0.848859
           0.79000          0.847521
           0.79500          0.847228
           0.80000          0.851584
           0.80500          0.853277
           0.81000          0.851201
           0.81500          0.852698
           0.82000          0.853144
           0.82500          0.853784
           0.83000          0.853800
           0.83500          0.853388
           0.84000          0.852801
           0.84500          0.852531
           0.85000          0.853203
           0.85500          0.854437
           0.86000          0.854094
           0.86500          0.856792
           0.87000          0.854383
           0.87500          0.856223
           0.88000          0.856781
           0.88500          0.856354
           0.89000          0.855043
           0.89500          0.855906
           0.90000          0.854981
           0.90500          0.855523
           0.91000          0.855722
           0.91500          0.856014
           0.92000          0.856186
           0.92500          0.855897
           0.93000          0.856576
           0.93500          0.856221
           0.94000          0.855503
           0.94500          0.853709
           0.95000          0.851963
           0.95500          0.850286
           0.96000          0.849288
           0.96500          0.846982
           0.97000          0.845425
           0.97500          0.843823
           0.98000          0.842781
           0.98500          0.842847
           0.99000          0.841495
           0.99500          0.840130
           1.00000          0.839047
           1.00500          0.840871
           1.01000          0.840828
           1.01500          0.839978
           1.02000          0.839427
           1.02500          0.839967
           1.03000          0.840973
           1.03500          0.841432
           1.04000          0.842343
           1.04500          0.843088
           1.05000          0.844486
           1.05500          0.846112
           1.06000          0.847546
           1.06500          0.849709
           1.07000          0.850760
           1.07500          0.851990
           1.08000          0.853679
           1.08500          0.854096
           1.09000          0.855050
           1.09500          0.855742
           1.10000          0.856288
           1.10500          0.856713
           1.11000          0.856529
           1.11500          0.857012
           1.12000          0.856758
           1.12500          0.857277
           1.13000          0.855986
           1.13500          0.855039
           1.14000          0.852573
           1.14500          0.849617
           1.15000          0.845399
           1.15500          0.840523
           1.16000          0.835848
           1.16500          0.831979
           1.17000          0.829146
           1.17500          0.826456
           1.18000          0.823165
           1.18500          0.820411
           1.19000          0.817503
           1.19500          0.814913
           1.20000          0.808645
           1.20500          0.806352
           1.21000          0.803612
           1.21500          0.800690
           1.22000          0.797171
           1.22500          0.793264
           1.23000          0.790869
           1.23500          0.787884
           1.24000          0.784891
           1.24500          0.782938
           1.25000          0.779462
           1.25500          0.776554
           1.26000          0.774324
           1.26500          0.772932
           1.27000          0.771820
           1.27500          0.770217
           1.28000          0.768112
           1.28500          0.766872
           1.29000          0.765823
           1.29500          0.763817
           1.30000          0.762563
           1.30500          0.761001
           1.31000          0.758862
           1.31500          0.757375
           1.32000          0.755267
           1.32500          0.752520
           1.33000          0.749515
           1.33500          0.745518
           1.34000          0.740279
           1.34500          0.734765
           1.35000          0.727119
           1.35500          0.721492
           1.36000          0.716976
           1.36500          0.711661
           1.37000          0.708332
           1.37500          0.703041
           1.38000          0.698893
           1.38500          0.689068
           1.39000          0.680945
           1.39500          0.669749
           1.40000          0.655977
           1.40500          0.639111
           1.41000          0.618979
           1.41500          0.600225
           1.42000          0.580875
           1.42500          0.565347
           1.43000          0.551986
           1.43500          0.539917
           1.44000          0.530117
           1.44500          0.520377
           1.45000          0.511654
           1.45500          0.503756
           1.46000          0.497373
           1.46500          0.490002
           1.47000          0.484210
           1.47500          0.479402
           1.48000          0.476835
           1.48500          0.474688
           1.49000          0.471930
           1.49500          0.468621
           1.50000          0.465433
           1.50500          0.461522
           1.51000          0.456414
           1.51500          0.452040
           1.52000          0.446652
           1.52500          0.440554
           1.53000          0.434692
           1.53500          0.428322
           1.54000          0.421209
           1.54500          0.414214
           1.55000          0.412508
           1.55500          0.414847
           1.56000          0.416816
           1.56500          0.418358
           1.57000          0.418608
           1.57500          0.418050
           1.58000          0.416746
           1.58500          0.415001
           1.59000          0.411764
           1.59500          0.409568
           1.60000          0.407757
           1.60500          0.404508
           1.61000          0.403064
           1.61500          0.402187
           1.62000          0.401337
           1.62500          0.402139
           1.63000          0.401779
           1.63500          0.403314
           1.64000          0.406098
           1.64500          0.408704
           1.65000          0.410127
           1.65500          0.410901
           1.66000          0.410219
           1.66500          0.410697
           1.67000          0.410767
           1.67500          0.410372
           1.68000          0.410227
           1.68500          0.410134
           1.69000          0.409685
           1.69500          0.409405
           1.70000          0.409392
           1.70500          0.408867
           1.71000          0.408505
           1.71500          0.409284
           1.72000          0.410688
           1.72500          0.412635
           1.73000          0.414196
           1.73500          0.416142
           1.74000          0.418047
           1.74500          0.420475
           1.75000          0.423498
           1.75500          0.426183
           1.76000          0.428858
           1.76500          0.431693
           1.77000          0.433670
           1.77500          0.436401
           1.78000          0.438985
           1.78500          0.441878
           1.79000          0.444387
           1.79500          0.447356
           1.80000          0.450355
           1.80500          0.452621
           1.81000          0.456107
           1.81500          0.458458
           1.82000          0.460636
           1.82500          0.462260
           1.83000          0.462698
           1.83500          0.463431
           1.84000          0.461613
           1.84500          0.459750
           1.85000          0.456697
           1.85500          0.452719
           1.86000          0.447452
           1.86500          0.441021
           1.87000          0.432959
           1.87500          0.415256
           1.88000          0.399268
           1.88500          0.381813
           1.89000          0.361886
           1.89500          0.342725
           1.90000          0.323783
           1.90500          0.302220
           1.91000          0.283433
           1.91500          0.267506
           1.92000          0.254119
           1.92500          0.244027
           1.93000          0.238821
           1.93500          0.235202
           1.94000          0.230393
           1.94500          0.223787
           1.95000          0.215483
           1.95500          0.206300
           1.96000          0.197447
           1.96500          0.191666
           1.97000          0.189591
           1.97500          0.190793
           1.98000          0.192984
           1.98500          0.195189
           1.99000          0.197970
           1.99500          0.201032
           2.00000          0.203322
           2.00500          0.203998
           2.01000          0.203005
           2.01500          0.200644
           2.02000          0.197103
           2.02500          0.192058
           2.03000          0.185690
           2.03500          0.179039
           2.04000          0.172463
           2.04500          0.165539
           2.05000          0.160566
           2.05500          0.156556
           2.06000          0.154127
           2.06500          0.153260
           2.07000          0.153463
           2.07500          0.153858
           2.08000          0.154189
           2.08500          0.154275
           2.09000          0.154290
           2.09500          0.154689
           2.10000          0.155300
           2.10500          0.155533
           2.11000          0.155238
           2.11500          0.153788
           2.12000          0.151718
           2.12500          0.149295
           2.13000          0.147355
           2.13500          0.146667
           2.14000          0.148229
           2.14500          0.153857
           2.15000          0.164256
           2.15500          0.178448
           2.16000          0.196101
           2.16500          0.213972
           2.17000          0.231344
           2.17500          0.246038
           2.18000          0.259075
           2.18500          0.268576
           2.19000          0.276226
           2.19500          0.282304
           2.20000          0.286595
           2.20500          0.288764
           2.21000          0.290159
           2.21500          0.290752
           2.22000          0.291544
           2.22500          0.292881
           2.23000          0.294990
           2.23500          0.297231
           2.24000          0.300103
           2.24500          0.302311
           2.25000          0.304305
           2.25500          0.305616
           2.26000          0.305888
           2.26500          0.304797
           2.27000          0.302023
           2.27500          0.298225
           2.28000          0.292702
           2.28500          0.287531
           2.29000          0.282310
           2.29500          0.278787
           2.30000          0.276560
           2.30500          0.274496
           2.31000          0.272940
           2.31500          0.270942
           2.32000          0.267998
           2.32500          0.264723
           2.33000          0.260179
           2.33500          0.255648
           2.34000          0.249903
           2.34500          0.243887
           2.35000          0.237015
           2.35500          0.229891
           2.36000          0.222493
           2.36500          0.214987
           2.37000          0.206490
           2.37500          0.197335
           2.38000          0.186725
           2.38500          0.174665
           2.39000          0.161932
           2.39500          0.150610
           2.40000          0.144225
           2.40500          0.145547
           2.41000          0.153583
           2.41500          0.163095
           2.42000          0.171510
           2.42500          0.177076
           2.43000          0.179655
           2.43500          0.180427
           2.44000          0.179304
           2.44500          0.177551
           2.45000          0.175075
           2.45500          0.172312
           2.45694          0.171946
           2.45810          0.171090
           2.45927          0.170472
           2.46043          0.170101
           2.46160          0.169568
           2.46277          0.169006
           2.46394          0.168303
           2.46511          0.167905
           2.46629          0.167804
           2.46746          0.167194
           2.46864          0.166274
           2.46981          0.165783
           2.47099          0.164899
           2.47217          0.164008
           2.47335          0.163437
           2.47453          0.163085
           2.47571          0.162469
           2.47689          0.161759
           2.47808          0.160890
           2.47926          0.160097
           2.48045          0.159281
           2.48163          0.158212
           2.48282          0.157163
           2.48401          0.156747
           2.48520          0.155993
           2.48640          0.155071
           2.48759          0.154045
           2.48878          0.153299
           2.48998          0.152645
           2.49117          0.152114
           2.49237          0.151221
           2.49357          0.150432
           2.49477          0.149883
           2.49597          0.149092
           2.49717          0.148158
           2.49838          0.147413
           2.49958          0.146579
           2.50079          0.146085
           2.50200          0.145439
           2.50320          0.144673
           2.50441          0.143726
           2.50562          0.143163
           2.50683          0.142789
           2.50805          0.142155
           2.50926          0.141308
           2.51048          0.140628
           2.51169          0.140114
           2.51291          0.139897
           2.51413          0.139722
           2.51535          0.139539
           2.51657          0.139013
           2.51779          0.138401
           2.51902          0.137652
           2.52024          0.137019
           2.52147          0.136748
           2.52269          0.136744
           2.52392          0.136399
           2.52515          0.135947
           2.52638          0.135743
           2.52761          0.135525
           2.52885          0.135004
           2.53008          0.134474
           2.53132          0.133911
           2.53255          0.133782
           2.53379          0.133952
           2.53503          0.133924
           2.53627          0.133660
           2.53751          0.133334
           2.53875          0.133248
           2.54000          0.133286
           2.54124          0.133101
           2.54249          0.132966
           2.54374          0.132294
           2.54499          0.131921
           2.54624          0.131861
           2.54749          0.131509
           2.54874          0.131439
           2.54999          0.131288
           2.55125          0.130937
           2.55250          0.130774
           2.55376          0.130821
           2.55502          0.130451
           2.55628          0.130104
           2.55754          0.130062
           2.55880          0.129785
           2.56007          0.129541
           2.56133          0.129204
           2.56260          0.128642
           2.56386          0.128210
           2.56513          0.127870
           2.56640          0.127204
           2.56767          0.127097
           2.56895          0.127443
           2.57022          0.127348
           2.57150          0.126220
           2.57277          0.125845
           2.57405          0.125976
           2.57533          0.125100
           2.57661          0.124651
           2.57789          0.124268
           2.57917          0.123525
           2.58046          0.123300
           2.58174          0.122956
           2.58303          0.122119
           2.58431          0.121886
           2.58560          0.121180
           2.58689          0.120617
           2.58819          0.120677
           2.58948          0.119932
           2.59077          0.119277
           2.59207          0.118781
           2.59336          0.118439
           2.59466          0.118579
           2.59596          0.117484
           2.59726          0.115475
           2.59856          0.115455
           2.59987          0.115540
           2.60117          0.115137
           2.60248          0.114587
           2.60378          0.114027
           2.60509          0.113605
           2.60640          0.113219
           2.60771          0.112064
           2.60903          0.111713
           2.61034          0.111392
           2.61166          0.110783
           2.61297          0.110326
           2.61429          0.110037
           2.61561          0.109538
           2.61693          0.109259
           2.61825          0.107982
           2.61957          0.107176
           2.62090          0.107374
           2.62222          0.106381
           2.62355          0.105614
           2.62488          0.105667
           2.62621          0.105703
           2.62754          0.105495
           2.62887          0.104420
           2.63021          0.104263
           2.63154          0.103897
           2.63288          0.102893
           2.63421          0.102860
           2.63555          0.102441
           2.63689          0.102202
           2.63824          0.102387
           2.63958          0.101767
           2.64092          0.101287
           2.64227          0.101064
           2.64362          0.100669
           2.64497          0.100426
           2.64632          0.100591
           2.64767          0.100234
           2.64902          0.100237
           2.65038          0.100183
           2.65173          0.100190
           2.65309          0.100013
           2.65445          0.099699
           2.65581          0.099536
           2.65717          0.099421
           2.65853          0.099221
           2.65989          0.099287
           2.66126          0.098936
           2.66263          0.098885
           2.66400          0.098818
           2.66536          0.098955
           2.66674          0.098578
           2.66811          0.097917
           2.66948          0.097459
           2.67086          0.097907
           2.67223          0.097015
           2.67361          0.096410
           2.67499          0.096878
           2.67637          0.096511
           2.67776          0.095654
           2.67914          0.094895
           2.68052          0.094588
           2.68191          0.094164
           2.68330          0.093997
           2.68469          0.093386
           2.68608          0.092666
           2.68747          0.092457
           2.68887          0.092046
           2.69026          0.091241
           2.69166          0.090473
           2.69306          0.090014
           2.69446          0.089241
           2.69586          0.087963
           2.69726          0.087027
           2.69866          0.086230
           2.70007          0.085950
           2.70148          0.085410
           2.70289          0.084142
           2.70430          0.083142
           2.70571          0.082069
           2.70712          0.080886
           2.70853          0.079913
           2.70995          0.079012
           2.71137          0.077846
           2.71279          0.076443
           2.71421          0.075309
           2.71563          0.074864
           2.71705          0.073778
           2.71848          0.072477
           2.71990          0.071477
           2.72133          0.070361
           2.72276          0.068676
           2.72419          0.067576
           2.72562          0.066441
           2.72706          0.064655
           2.72849          0.063555
           2.72993          0.062563
           2.73137          0.061361
           2.73281          0.060103
           2.73425          0.058859
           2.73569          0.057452
           2.73714          0.055693
           2.73858          0.054487
           2.74003          0.053333
           2.74148          0.051666
           2.74293          0.049977
           2.74438          0.048947
           2.74583          0.047980
           2.74729          0.046877
           2.74875          0.045513
           2.75020          0.044079
           2.75166          0.042903
           2.75313          0.041561
           2.75459          0.040139
           2.75605          0.039073
           2.75752          0.037745
           2.75899          0.036585
           2.76046          0.035617
           2.76193          0.034537
           2.76340          0.033350
           2.76487          0.032121
           2.76635          0.031015
           2.76782          0.029768
           2.76930          0.028443
           2.77078          0.027228
           2.77226          0.026197
           2.77375          0.025764
           2.77523          0.025464
           2.77672          0.025035
           2.77821          0.024568
           2.77970          0.024038
           2.78119          0.023245
           2.78268          0.022474
           2.78418          0.021771
           2.78567          0.021148
           2.78717          0.020618
           2.78867          0.020188
           2.79017          0.019788
           2.79167          0.019347
           2.79318          0.019053
           2.79468          0.019101
           2.79619          0.018993
           2.79770          0.018820
           2.79921          0.018579
           2.80072          0.018408
           2.80224          0.018201
           2.80375          0.017650
           2.80527          0.017162
           2.80679          0.017152
           2.80831          0.017018
           2.80983          0.016789
           2.81135          0.016635
           2.81288          0.016323
           2.81441          0.016014
           2.81593          0.015904
           2.81746          0.015572
           2.81900          0.015318
           2.82053          0.015143
           2.82207          0.014849
           2.82360          0.014498
           2.82514          0.014180
           2.82668          0.014163
           2.82822          0.014287
           2.82977          0.014082
           2.83131          0.013700
           2.83286          0.013325
           2.83441          0.013257
           2.83596          0.013047
           2.83751          0.012624
           2.83907          0.012321
           2.84062          0.012286
           2.84218          0.012490
           2.84374          0.012419
           2.84530          0.012049
           2.84686          0.011934
           2.84843          0.011823
           2.84999          0.011681
           2.85156          0.011467
           2.85313          0.011381
           2.85470          0.011397
           2.85627          0.011369
           2.85785          0.011204
           2.85942          0.010960
           2.86100          0.010751
           2.86258          0.010684
           2.86416          0.010712
           2.86575          0.010639
           2.86733          0.010530
           2.86892          0.010389
           2.87051          0.010284
           2.87210          0.010112
           2.87369          0.010035
           2.87528          0.010074
           2.87688          0.009978
           2.87848          0.009812
           2.88007          0.009823
           2.88168          0.009787
           2.88328          0.009709
           2.88488          0.009642
           2.88649          0.009563
           2.88810          0.009322
           2.88971          0.009159
           2.89132          0.009358
           2.89293          0.009439
           2.89455          0.009385
           2.89616          0.009330
           2.89778          0.009286
           2.89940          0.009218
           2.90103          0.009186
           2.90265          0.008942
           2.90428          0.008935
           2.90591          0.009001
           2.90754          0.008951
           2.90917          0.008867
           2.91080          0.008908
           2.91244          0.008986
           2.91407          0.008983
           2.91571          0.008842
           2.91735          0.009007
           2.91899          0.009146
           2.92064          0.009121
           2.92229          0.009082
           2.92393          0.008898
           2.92558          0.008736
           2.92724          0.008734
           2.92889          0.008771
           2.93055          0.009014
           2.93220          0.009035
           2.93386          0.008910
           2.93552          0.008940
           2.93719          0.009044
           2.93885          0.009029
           2.94052          0.009000
           2.94219          0.008935
           2.94386          0.008963
           2.94553          0.009167
           2.94721          0.009113
           2.94888          0.008981
           2.95056          0.009015
           2.95224          0.009007
           2.95392          0.008898
           2.95561          0.009051
           2.95729          0.009172
           2.95898          0.009203
           2.96067          0.009337
           2.96236          0.009397
           2.96406          0.009378
           2.96575          0.009329
           2.96745          0.009324
           2.96915          0.009299
           2.97085          0.009154
           2.97255          0.009230
           2.97426          0.009483
           2.97597          0.009766
           2.97768          0.009827
           2.97939          0.009658
           2.98110          0.009540
           2.98282          0.009424
           2.98453          0.009623
           2.98625          0.009818
           2.98797          0.009798
           2.98970          0.009831
           2.99142          0.009897
           2.99315          0.009931
           2.99488          0.009964
           2.99661          0.009960
           2.99834          0.009946
           3.00008          0.009903
           3.00182          0.009977
           3.00355          0.009987
           3.00530          0.009957
           3.00704          0.010131
           3.00878          0.010239
           3.01053          0.010273
           3.01228          0.010387
           3.01403          0.010386
           3.01579          0.010420
           3.01754          0.010356
           3.01930          0.010282
           3.02106          0.010354
           3.02282          0.010279
           3.02458          0.010248
           3.02635          0.010297
           3.02812          0.010284
           3.02989          0.010299
           3.03166          0.010333
           3.03343          0.010469
           3.03521          0.010566
           3.03699          0.010355
           3.03877          0.010289
           3.04055          0.010417
           3.04233          0.010555
           3.04412          0.010574
           3.04591          0.010616
           3.04770          0.010580
           3.04949          0.010649
           3.05129          0.010792
           3.05308          0.010772
           3.05488          0.010756
           3.05668          0.010709
           3.05849          0.010773
           3.06029          0.010770
           3.06210          0.010827
           3.06391          0.010972
           3.06572          0.010942
           3.06754          0.010940
           3.06935          0.011049
           3.07117          0.011018
           3.07299          0.011039
           3.07481          0.011074
           3.07664          0.011068
           3.07847          0.011140
           3.08029          0.011258
           3.08213          0.011309
           3.08396          0.011254
           3.08579          0.011249
           3.08763          0.011457
           3.08947          0.011523
           3.09131          0.011463
           3.09316          0.011376
           3.09501          0.011266
           3.09685          0.011323
           3.09871          0.011476
           3.10056          0.011662
           3.10241          0.011785
           3.10427          0.011750
           3.10613          0.011846
           3.10799          0.012047
           3.10986          0.012087
           3.11173          0.012125
           3.11359          0.012243
           3.11547          0.012355
           3.11734          0.012257
           3.11921          0.012108
           3.12109          0.012217
           3.12297          0.012376
           3.12486          0.012604
           3.12674          0.012666
           3.12863          0.012609
           3.13052          0.012758
           3.13241          0.012878
           3.13430          0.013011
           3.13620          0.013158
           3.13810          0.013143
           3.14000          0.013075
           3.14190          0.013089
           3.14381          0.013163
           3.14571          0.013295
           3.14762          0.013452
           3.14954          0.013616
           3.15145          0.013646
           3.15337          0.013649
           3.15529          0.013710
           3.15721          0.013636
           3.15913          0.013545
           3.16106          0.013637
           3.16299          0.013922
           3.16492          0.014115
           3.16685          0.014088
           3.16879          0.014021
           3.17072          0.013996
           3.17267          0.014067
           3.17461          0.014225
           3.17655          0.014345
           3.17850          0.014361
           3.18045          0.014376
           3.18240          0.014414
           3.18436          0.014454
           3.18632          0.014513
           3.18827          0.014624
           3.19024          0.014672
           3.19220          0.014741
           3.19417          0.014713
           3.19614          0.014697
           3.19811          0.014785
           3.20008          0.014875
           3.20206          0.014941
           3.20404          0.014994
           3.20602          0.015073
           3.20800          0.015029
           3.20999          0.015011
           3.21198          0.015137
           3.21397          0.015226
           3.21596          0.015248
           3.21796          0.015327
           3.21996          0.015380
           3.22196          0.015500
           3.22396          0.015584
           3.22597          0.015532
           3.22798          0.015604
           3.22999          0.015774
           3.23200          0.015832
           3.23402          0.015832
           3.23604          0.015890
           3.23806          0.015940
           3.24008          0.015960
           3.24211          0.016022
           3.24414          0.016124
           3.24617          0.016262
           3.24820          0.016343
           3.25024          0.016402
           3.25228          0.016377
           3.25432          0.016357
           3.25637          0.016495
           3.25841          0.016540
           3.26046          0.016537
           3.26251          0.016516
           3.26457          0.016717
           3.26663          0.016796
           3.26869          0.016681
           3.27075          0.016657
           3.27281          0.016785
           3.27488          0.016958
           3.27695          0.016994
           3.27902          0.016902
           3.28110          0.016832
           3.28318          0.017033
           3.28526          0.017171
           3.28734          0.017154
           3.28943          0.017097
           3.29151          0.017185
           3.29361          0.017258
           3.29570          0.017298
           3.29780          0.017373
           3.29990          0.017411
           3.30200          0.017300
           3.30410          0.017294
           3.30621          0.017428
           3.30832          0.017558
           3.31043          0.017632
           3.31255          0.017654
           3.31466          0.017608
           3.31679          0.017586
           3.31891          0.017666
           3.32103          0.017787
           3.32316          0.017790
           3.32529          0.017851
           3.32743          0.018002
           3.32957          0.018104
           3.33171          0.018008
           3.33385          0.017965
           3.33599          0.018032
           3.33814          0.018192
           3.34029          0.018205
           3.34245          0.018145
           3.34460          0.018221
           3.34676          0.018374
           3.34892          0.018460
           3.35109          0.018583
           3.35326          0.018791
           3.35543          0.018796
           3.35760          0.018836
           3.35978          0.018966
           3.36196          0.019110
           3.36414          0.019237
           3.36632          0.019365
           3.36851          0.019419
           3.37070          0.019481
           3.37289          0.019636
           3.37509          0.019854
           3.37729          0.019966
           3.37949          0.020031
           3.38169          0.020199
           3.38390          0.020351
           3.38611          0.020508
           3.38832          0.020819
           3.39054          0.021098
           3.39276          0.021196
           3.39498          0.021209
           3.39721          0.021259
           3.39943          0.021424
           3.40166          0.021615
           3.40390          0.021786
           3.40613          0.021947
           3.40837          0.022170
           3.41061          0.022338
           3.41286          0.022513
           3.41511          0.022726
           3.41736          0.022886
           3.41961          0.023029
           3.42187          0.023232
           3.42413          0.023418
           3.42639          0.023618
           3.42866          0.023830
           3.43093          0.023974
           3.43320          0.024081
           3.43548          0.024263
           3.43776          0.024553
           3.44004          0.024915
           3.44232          0.025117
           3.44461          0.025284
           3.44690          0.025366
           3.44919          0.025440
           3.45149          0.025629
           3.45379          0.025926
           3.45609          0.026120
           3.45840          0.026362
           3.46070          0.026551
           3.46302          0.026775
           3.46533          0.026908
           3.46765          0.026978
           3.46997          0.027194
           3.47229          0.027403
           3.47462          0.027595
           3.47695          0.027746
           3.47929          0.027908
           3.48162          0.028117
           3.48396          0.028407
           3.48630          0.028602
           3.48865          0.028592
           3.49100          0.028797
           3.49335          0.029138
           3.49571          0.029325
           3.49807          0.029531
           3.50043          0.029730
           3.50279          0.029834
           3.50516          0.030070
           3.50753          0.030368
           3.50991          0.030624
           3.51229          0.030847
           3.51467          0.031006
           3.51705          0.031124
           3.51944          0.031358
           3.52183          0.031633
           3.52423          0.031830
           3.52662          0.032009
           3.52902          0.032235
           3.53143          0.032494
           3.53383          0.032717
           3.53624          0.032967
           3.53866          0.033208
           3.54108          0.033289
           3.54350          0.033473
           3.54592          0.033740
           3.54835          0.034068
           3.55078          0.034379
           3.55321          0.034548
           3.55565          0.034835
           3.55809          0.035147
           3.56053          0.035350
           3.56298          0.035573
           3.56543          0.035832
           3.56788          0.036059
           3.57034          0.036330
           3.57280          0.036632
           3.57527          0.036906
           3.57773          0.037154
           3.58020          0.037401
           3.58268          0.037731
           3.58516          0.037974
           3.58764          0.038117
           3.59012          0.038364
           3.59261          0.038605
           3.59510          0.038819
           3.59760          0.039111
           3.60009          0.039380
           3.60260          0.039683
           3.60510          0.040003
           3.60761          0.040374
           3.61012          0.040704
           3.61264          0.040867
           3.61516          0.041029
           3.61768          0.041303
           3.62021          0.041652
           3.62274          0.042000
           3.62527          0.042363
           3.62781          0.042652
           3.63035          0.042913
           3.63289          0.043180
           3.63544          0.043380
           3.63799          0.043648
           3.64054          0.043904
           3.64310          0.044273
           3.64566          0.044654
           3.64823          0.044967
           3.65080          0.045271
           3.65337          0.045568
           3.65595          0.045886
           3.65853          0.046280
           3.66111          0.046603
           3.66370          0.046969
           3.66629          0.047333
           3.66889          0.047635
           3.67148          0.048014
           3.67409          0.048396
           3.67669          0.048696
           3.67930          0.049009
           3.68191          0.049480
           3.68453          0.049794
           3.68715          0.050069
           3.68978          0.050476
           3.69240          0.050844
           3.69504          0.051337
           3.69767          0.051717
           3.70031          0.052062
           3.70295          0.052481
           3.70560          0.052840
           3.70825          0.053210
           3.71091          0.053580
           3.71356          0.054052
           3.71623          0.054491
           3.71889          0.054905
           3.72156          0.055243
           3.72423          0.055475
           3.72691          0.055865
           3.72959          0.056324
           3.73228          0.056696
           3.73497          0.056970
           3.73766          0.057369
           3.74036          0.057788
           3.74306          0.058229
           3.74576          0.058572
           3.74847          0.058853
           3.75118          0.059212
           3.75390          0.059583
           3.75662          0.059936
           3.75934          0.060391
           3.76207          0.060750
           3.76480          0.061013
           3.76754          0.061339
           3.77028          0.061662
           3.77302          0.062008
           3.77577          0.062360
           3.77852          0.062683
           3.78128          0.062999
           3.78404          0.063291
           3.78680          0.063662
           3.78957          0.064029
           3.79234          0.064472
           3.79512          0.064866
           3.79790          0.065146
           3.80069          0.065480
           3.80347          0.065947
           3.80627          0.066476
           3.80906          0.066957
           3.81186          0.067402
           3.81467          0.067899
           3.81748          0.068443
           3.82029          0.069111
           3.82311          0.069820
           3.82593          0.070496
           3.82876          0.071158
           3.83159          0.071824
           3.83442          0.072457
           3.83726          0.073116
           3.84010          0.073785
           3.84295          0.074425
           3.84580          0.075073
           3.84865          0.075813
           3.85151          0.076502
           3.85438          0.077055
           3.85724          0.077602
           3.86012          0.078288
           3.86299          0.078848
           3.86587          0.079384
           3.86876          0.079961
           3.87165          0.080553
           3.87454          0.081104
           3.87744          0.081671
           3.88034          0.082172
           3.88325          0.082721
           3.88616          0.083284
           3.88907          0.083714
           3.89199          0.084124
           3.89492          0.084611
           3.89785          0.085144
           3.90078          0.085619
           3.90372          0.086005
           3.90666          0.086464
           3.90960          0.086828
           3.91255          0.087192
           3.91551          0.087580
           3.91847          0.087997
           3.92143          0.088380
           3.92440          0.088777
           3.92738          0.089216
           3.93035          0.089604
           3.93333          0.089820
           3.93632          0.090085
           3.93931          0.090375
           3.94231          0.090647
           3.94531          0.090961
           3.94831          0.091299
           3.95132          0.091584
           3.95434          0.091813
           3.95735          0.092062
           3.96038          0.092375
           3.96341          0.092684
           3.96644          0.093026
           3.96948          0.093251
           3.97252          0.093560
           3.97556          0.093845
           3.97861          0.094134
           3.98167          0.094418
           3.98473          0.094708
           3.98780          0.094996
           3.99087          0.095286
           3.99394          0.095638
           3.99702          0.096034
           4.00010          0.096319
           4.00319          0.096541
           4.00629          0.096870
           4.00939          0.097235
           4.01249          0.097543
           4.01560          0.097866
           4.01871          0.098063
           4.02183          0.098256
           4.02495          0.098548
           4.02808          0.098861
           4.03121          0.099102
           4.03435          0.099335
           4.03749          0.099516
           4.04064          0.099613
           4.04379          0.099717
           4.04694          0.099821
           4.05011          0.099841
           4.05327          0.099801
           4.05644          0.099723
           4.05962          0.099626
           4.06280          0.099459
           4.06599          0.099341
           4.06918          0.099186
           4.07238          0.098946
           4.07558          0.098684
           4.07878          0.098474
           4.08200          0.098161
           4.08521          0.097683
           4.08843          0.097271
           4.09166          0.096957
           4.09489          0.096422
           4.09813          0.095750
           4.10137          0.095106
           4.10462          0.094433
           4.10787          0.093692
           4.11113          0.092902
           4.11439          0.092085
           4.11766          0.091424
           4.12093          0.090885
           4.12421          0.090468
           4.12750          0.090106
           4.13079          0.089784
           4.13408          0.089596
           4.13738          0.089452
           4.14068          0.089137
           4.14399          0.088801
           4.14731          0.088384
           4.15063          0.087978
           4.15395          0.087409
           4.15729          0.086697
           4.16062          0.085845
           4.16396          0.084994
           4.16731          0.084211
           4.17066          0.083526
           4.17402          0.082688
           4.17739          0.081800
           4.18075          0.080764
           4.18413          0.079646
           4.18751          0.078604
           4.19089          0.077592
           4.19428          0.076592
           4.19768          0.075665
           4.20108          0.074854
           4.20449          0.074126
           4.20790          0.073423
           4.21132          0.072666
           4.21474          0.071853
           4.21817          0.071086
           4.22161          0.070319
           4.22505          0.069550
           4.22850          0.068881
           4.23195          0.068383
           4.23540          0.068046
           4.23887          0.067928
           4.24234          0.067939
           4.24581          0.068118
           4.24929          0.068497
           4.25278          0.069036
           4.25627          0.069609
           4.25977          0.070196
           4.26327          0.070692
           4.26678          0.071147
           4.27029          0.071498
           4.27381          0.071797
           4.27734          0.072075
           4.28087          0.072360
           4.28441          0.072711
           4.28795          0.073039
           4.29150          0.073311
           4.29506          0.073691
           4.29862          0.073972
           4.30219          0.074126
           4.30576          0.074195
           4.30934          0.074110
           4.31292          0.073796
           4.31652          0.073362
           4.32011          0.072969
           4.32372          0.072742
           4.32732          0.072441
           4.33094          0.072058
           4.33456          0.071702
           4.33819          0.071472
           4.34182          0.071237
           4.34546          0.070961
           4.34911          0.070731
           4.35276          0.070434
           4.35642          0.069876
           4.36008          0.069154
           4.36375          0.068359
           4.36743          0.067476
           4.37111          0.066454
           4.37480          0.065422
           4.37849          0.064357
           4.38219          0.063304
           4.38590          0.062268
           4.38961          0.061257
           4.39333          0.060234
           4.39706          0.059300
           4.40079          0.058476
           4.40453          0.057732
           4.40828          0.057142
           4.41203          0.056768
           4.41579          0.056496
           4.41955          0.056314
           4.42332          0.056214
           4.42710          0.056238
           4.43088          0.056287
           4.43468          0.056367
           4.43847          0.056492
           4.44228          0.056658
           4.44608          0.056740
           4.44990          0.056721
           4.45372          0.056615
           4.45755          0.056410
           4.46139          0.056029
           4.46523          0.055512
           4.46908          0.055000
           4.47294          0.054545
           4.47680          0.054103
           4.48067          0.053729
           4.48455          0.053409
           4.48843          0.053084
           4.49232          0.052762
           4.49621          0.052421
           4.50012          0.052065
           4.50403          0.051719
           4.50794          0.051187
           4.51187          0.050653
           4.51580          0.050100
           4.51973          0.049438
           4.52368          0.048689
           4.52763          0.048064
           4.53159          0.047631
           4.53555          0.047303
           4.53952          0.047098
           4.54350          0.047011
           4.54749          0.046958
           4.55148          0.046942
           4.55548          0.046993
           4.55949          0.047056
           4.56350          0.047054
           4.56752          0.047026
           4.57155          0.046970
           4.57558          0.046937
           4.57963          0.046887
           4.58367          0.046891
           4.58773          0.046989
           4.59179          0.047203
           4.59586          0.047490
           4.59994          0.047872
           4.60403          0.048237
           4.60812          0.048502
           4.61222          0.048586
           4.61633          0.048431
           4.62044          0.047993
           4.62456          0.047317
           4.62869          0.046464
           4.63283          0.045594
           4.63697          0.044795
           4.64112          0.044122
           4.64528          0.043525
           4.64945          0.042971
           4.65362          0.042466
           4.65780          0.042111
           4.66199          0.041793
           4.66619          0.041449
           4.67039          0.041142
           4.67460          0.041036
           4.67882          0.041121
           4.68305          0.041430
           4.68728          0.041944
           4.69152          0.042676
           4.69577          0.043574
           4.70003          0.044555
           4.70430          0.045477
           4.70857          0.046318
           4.71285          0.047161
           4.71714          0.047925
           4.72143          0.048485
           4.72574          0.048901
           4.73005          0.049232
           4.73437          0.049456
           4.73870          0.049558
           4.74303          0.049613
           4.74738          0.049564
           4.75173          0.049498
           4.75609          0.049419
           4.76045          0.049255
           4.76483          0.049097
           4.76921          0.048944
           4.77360          0.048707
           4.77800          0.048430
           4.78241          0.048148
           4.78683          0.047843
           4.79125          0.047403
           4.79568          0.046958
           4.80013          0.046542
           4.80457          0.046161
           4.80903          0.045769
           4.81350          0.045488
           4.81797          0.045378
           4.82245          0.045535
           4.82694          0.045839
           4.83144          0.046266
           4.83595          0.046707
           4.84046          0.047153
           4.84499          0.047642
           4.84952          0.048144
           4.85406          0.048551
           4.85861          0.048965
           4.86317          0.049351
           4.86773          0.049760
           4.87231          0.050178
           4.87689          0.050560
           4.88148          0.050903
           4.88608          0.051346
           4.89069          0.051785
           4.89531          0.052195
           4.89994          0.052575
           4.90457          0.053023
           4.90922          0.053508
           4.91387          0.053954
           4.91853          0.054348
           4.92321          0.054779
           4.92788          0.055217
           4.93257          0.055582
           4.93727          0.055932
           4.94198          0.056383
           4.94669          0.056890
           4.95142          0.057429
           4.95615          0.057956
           4.96090          0.058590
           4.96565          0.059183
           4.97041          0.059844
           4.97518          0.060607
           4.97996          0.061415
           4.98475          0.062229
           4.98954          0.063139
           4.99435          0.064069
           4.99917          0.065064
           5.00399          0.066098
           5.00883          0.067206
           5.01367          0.068247
           5.01852          0.069233
           5.02339          0.070171
           5.02826          0.071157
           5.03314          0.072013
           5.03803          0.072742
           5.04293          0.073459
           5.04784          0.074204
           5.05276          0.074792
           5.05769          0.075273
           5.06263          0.075660
           5.06758          0.076094
           5.07254          0.076467
           5.07751          0.076802
           5.08249          0.077058
           5.08747          0.077279
           5.09247          0.077487
           5.09748          0.077692
           5.10250          0.077867
           5.10752          0.078039
           5.11256          0.078093
           5.11761          0.078114
           5.12266          0.078175
           5.12773          0.078245
           5.13281          0.078204
           5.13789          0.078145
           5.14299          0.078147
           5.14810          0.078183
           5.15322          0.078066
           5.15834          0.077992
           5.16348          0.077949
           5.16863          0.077869
           5.17379          0.077825
           5.17896          0.077677
           5.18413          0.077471
           5.18932          0.077333
           5.19452          0.077101
           5.19973          0.076832
           5.20496          0.076568
           5.21019          0.076280
           5.21543          0.076037
           5.22068          0.075667
           5.22594          0.075307
           5.23122          0.075001
           5.23650          0.074692
           5.24179          0.074488
           5.24710          0.074170
           5.25242          0.073866
           5.25774          0.073585
           5.26308          0.073373
           5.26843          0.073104
           5.27379          0.072826
           5.27916          0.072596
           5.28454          0.072417
           5.28993          0.072229
           5.29534          0.072015
           5.30075          0.071680
           5.30618          0.071387
           5.31161          0.071045
           5.31706          0.070677
           5.32252          0.070234
           5.32799          0.069792
           5.33347          0.069295
           5.33896          0.068755
           5.34447          0.068186
           5.34998          0.067562
           5.35551          0.066713
           5.36105          0.065924
           5.36660          0.065222
           5.37216          0.064428
           5.37773          0.063547
           5.38332          0.062660
           5.38891          0.061613
           5.39452          0.060602
           5.40014          0.059637
           5.40577          0.058575
           5.41141          0.057467
           5.41707          0.056425
           5.42274          0.055391
           5.42841          0.054175
           5.43410          0.053074
           5.43981          0.052284
           5.44552          0.051538
           5.45125          0.050850
           5.45698          0.050266
           5.46273          0.049874
           5.46850          0.049531
           5.47427          0.049322
           5.48006          0.049270
           5.48586          0.049195
           5.49167          0.049220
           5.49749          0.049378
           5.50333          0.049425
           5.50918          0.049447
           5.51504          0.049502
           5.52091          0.049513
           5.52680          0.049398
           5.53269          0.049356
           5.53861          0.049259
           5.54453          0.049064
           5.55047          0.048764
           5.55641          0.048470
           5.56238          0.048150
           5.56835          0.047851
           5.57434          0.047453
           5.58034          0.046977
           5.58635          0.046260
           5.59238          0.045732
           5.59842          0.045380
           5.60447          0.044893
           5.61054          0.044291
           5.61661          0.043822
           5.62271          0.043206
           5.62881          0.042581
           5.63493          0.041950
           5.64106          0.041355
           5.64721          0.040617
           5.65336          0.039871
           5.65954          0.039314
           5.66572          0.038590
           5.67192          0.037940
           5.67813          0.037243
           5.68436          0.036354
           5.69060          0.035602
           5.69685          0.034680
           5.70312          0.033744
           5.70940          0.033029
           5.71569          0.032112
           5.72200          0.031199
           5.72833          0.030412
           5.73466          0.029659
           5.74101          0.028970
           5.74738          0.028329
           5.75376          0.027758
           5.76015          0.027188
           5.76656          0.026787
           5.77298          0.026265
           5.77941          0.025890
           5.78586          0.025786
           5.79233          0.025715
           5.79881          0.025655
           5.80530          0.025599
           5.81181          0.025601
           5.81833          0.025709
           5.82487          0.025863
           5.83142          0.025955
           5.83799          0.026220
           5.84457          0.026526
           5.85117          0.026872
           5.85778          0.027257
           5.86441          0.027607
           5.87105          0.027892
           5.87770          0.028237
           5.88438          0.028615
           5.89106          0.028841
           5.89776          0.029267
           5.90448          0.029569
           5.91121          0.029816
           5.91796          0.030221
           5.92473          0.030506
           5.93150          0.030673
           5.93830          0.030822
           5.94511          0.030757
           5.95193          0.030794
           5.95878          0.030997
           5.96563          0.031050
           5.97251          0.031115
           5.97939          0.031002
           5.98630          0.031002
           5.99322          0.030866
           6.00016          0.030583
           6.00711          0.030472
           6.01408          0.030331
           6.02106          0.029866
           6.02806          0.029296
           6.03508          0.028804
           6.04212          0.028401
           6.04917          0.028321
           6.05623          0.028263
           6.06332          0.028383
           6.07042          0.028875
           6.07753          0.029266
           6.08467          0.029502
           6.09182          0.029728
           6.09898          0.029964
           6.10617          0.030017
           6.11337          0.029936
           6.12058          0.029589
           6.12782          0.029170
           6.13507          0.028873
           6.14234          0.028461
           6.14963          0.027898
           6.15693          0.027469
           6.16425          0.027299
           6.17159          0.027307
           6.17895          0.027660
           6.18632          0.028224
           6.19371          0.028878
           6.20112          0.029686
           6.20854          0.030632
           6.21599          0.031522
           6.22345          0.032245
           6.23093          0.032766
           6.23843          0.033178
           6.24595          0.033381
           6.25348          0.033412
           6.26103          0.033325
           6.26860          0.033138
           6.27619          0.032865
           6.28380          0.032555
           6.29143          0.032148
           6.29907          0.031689
           6.30673          0.031164
           6.31442          0.030661
           6.32212          0.030132
           6.32984          0.029620
           6.33757          0.029151
           6.34533          0.028780
           6.35311          0.028248
           6.36090          0.027791
           6.36872          0.027491
           6.37655          0.027109
           6.38440          0.026703
           6.39227          0.026465
           6.40017          0.026099
           6.40808          0.025810
           6.41601          0.025381
           6.42396          0.024618
           6.43193          0.024227
           6.43992          0.023911
           6.44793          0.023427
           6.45596          0.023035
           6.46401          0.022607
           6.47208          0.022236
           6.48017          0.021857
           6.48828          0.021588
           6.49641          0.021307
           6.50456          0.020922
           6.51273          0.020691
           6.52092          0.020721
           6.52914          0.020639
           6.53737          0.020563
           6.54563          0.020576
           6.55390          0.020673
           6.56220          0.020835
           6.57051          0.021022
           6.57885          0.021202
           6.58721          0.021509
           6.59559          0.021936
           6.60399          0.022283
           6.61242          0.022594
           6.62086          0.022949
           6.62933          0.023345
           6.63782          0.023775
           6.64633          0.024167
           6.65486          0.024680
           6.66341          0.025322
           6.67199          0.025880
           6.68059          0.026356
           6.68921          0.026769
           6.69785          0.027181
           6.70651          0.027688
           6.71520          0.028056
           6.72391          0.028303
           6.73264          0.028694
           6.74140          0.029134
           6.75018          0.029488
           6.75898          0.029851
           6.76780          0.030222
           6.77665          0.030540
           6.78552          0.030788
           6.79441          0.030931
           6.80333          0.031034
           6.81227          0.031332
           6.82123          0.031705
           6.83022          0.031977
           6.83923          0.032178
           6.84826          0.032535
           6.85732          0.032960
           6.86640          0.033325
           6.87551          0.033477
           6.88464          0.033905
           6.89380          0.034489
           6.90298          0.035012
           6.91218          0.035536
           6.92141          0.035884
           6.93066          0.036279
           6.93994          0.036596
           6.94924          0.036752
           6.95857          0.036843
           6.96792          0.036648
           6.97730          0.036346
           6.98670          0.036359
           6.99613          0.036135
           7.00559          0.035800
           7.01507          0.035493
           7.02457          0.035239
           7.03410          0.034855
           7.04366          0.034503
           7.05325          0.033969
           7.06285          0.033282
           7.07249          0.032884
           7.08215          0.032425
           7.09184          0.031909
           7.10155          0.031435
           7.11130          0.030988
           7.12106          0.030558
           7.13086          0.030088
           7.14068          0.029791
           7.15053          0.029529
           7.16041          0.029165
           7.17031          0.028869
           7.18024          0.028462
           7.19020          0.028066
           7.20019          0.027712
           7.21020          0.027338
           7.22024          0.026864
           7.23031          0.026464
           7.24041          0.026018
           7.25054          0.025514
           7.26069          0.025072
           7.27088          0.024531
           7.28109          0.023942
           7.29133          0.023358
           7.30160          0.022844
           7.31190          0.022274
           7.32222          0.021572
           7.33258          0.020860
           7.34297          0.020069
           7.35338          0.019176
           7.36383          0.018366
           7.37430          0.017673
           7.38481          0.016934
           7.39534          0.016122
           7.40591          0.015361
           7.41650          0.014718
           7.42713          0.014108
           7.43778          0.013472
           7.44847          0.012844
           7.45919          0.012286
           7.46994          0.011683
           7.48071          0.011078
           7.49152          0.010503
           7.50237          0.009982
           7.51324          0.009476
           7.52414          0.008942
           7.53508          0.008434
           7.54605          0.007980
           7.55705          0.007500
           7.56808          0.006986
           7.57915          0.006522
           7.59024          0.006123
           7.60137          0.005770
           7.61253          0.005512
           7.62373          0.005344
           7.63496          0.005201
           7.64622          0.005144
           7.65751          0.005166
           7.66884          0.005312
           7.68020          0.005635
           7.69159          0.006042
           7.70302          0.006720
           7.71449          0.007540
           7.72598          0.008512
           7.73752          0.009761
           7.74908          0.011276
           7.76068          0.012917
           7.77232          0.014725
           7.78399          0.016706
           7.79569          0.018852
           7.80743          0.021134
           7.81921          0.023553
           7.83102          0.026257
           7.84287          0.029315
           7.85475          0.032779
           7.86667          0.036683
           7.87862          0.041130
           7.89062          0.046193
           7.90264          0.051868
           7.91471          0.057911
           7.92681          0.064060
           7.93895          0.070143
           7.95113          0.075760
           7.96334          0.080317
           7.97559          0.083771
           7.98788          0.086332
           8.00021          0.088104
           8.01257          0.089194
           8.02498          0.089850
           8.03742          0.090113
           8.04990          0.090217
           8.06242          0.090166
           8.07498          0.090149
           8.08757          0.090155
           8.10021          0.090255
           8.11289          0.090228
           8.12560          0.090196
           8.13836          0.090113
           8.15116          0.090034
           8.16399          0.089995
           8.17687          0.090217
           8.18979          0.090592
           8.20275          0.091111
           8.21575          0.091675
           8.22879          0.092473
           8.24187          0.093419
           8.25499          0.094511
           8.26816          0.095828
           8.28137          0.097433
           8.29462          0.099289
           8.30791          0.101351
           8.32124          0.103462
           8.33462          0.105683
           8.34804          0.107849
           8.36151          0.110001
           8.37502          0.111785
           8.38857          0.113353
           8.40216          0.114618
           8.41580          0.115651
           8.42949          0.116481
           8.44322          0.117325
           8.45699          0.118094
           8.47081          0.118744
           8.48467          0.118839
           8.49858          0.118017
           8.51254          0.115916
           8.52654          0.112972
           8.54058          0.109775
           8.55468          0.106719
           8.56882          0.103758
           8.58300          0.101072
           8.59724          0.098546
           8.61152          0.096184
           8.62585          0.093992
           8.64023          0.092081
           8.65465          0.090314
           8.66912          0.088708
           8.68364          0.087191
           8.69821          0.085780
           8.71283          0.084437
           8.72750          0.083219
           8.74222          0.082055
           8.75699          0.080866
           8.77180          0.079611
           8.78667          0.078250
           8.80159          0.076807
           8.81656          0.075306
           8.83158          0.073589
           8.84665          0.071673
           8.86177          0.069584
           8.87694          0.067396
           8.89217          0.064868
           8.90745          0.062094
           8.92278          0.059221
           8.93816          0.056279
           8.95360          0.053378
           8.96909          0.050527
           8.98464          0.047826
           9.00023          0.045520
           9.01589          0.043548
           9.03159          0.041759
           9.04736          0.040222
           9.06317          0.038867
           9.07905          0.037569
           9.09497          0.036540
           9.11096          0.035651
           9.12700          0.034852
           9.14310          0.034196
           9.15925          0.033651
           9.17546          0.033069
           9.19173          0.032541
           9.20806          0.032018
           9.22444          0.031534
           9.24088          0.031128
           9.25738          0.030758
           9.27394          0.030338
           9.29056          0.029923
           9.30724          0.029554
           9.32398          0.029170
           9.34078          0.028657
           9.35764          0.028130
           9.37457          0.027785
           9.39155          0.027435
           9.40859          0.026883
           9.42570          0.026310
           9.44287          0.025733
           9.46010          0.025069
           9.47740          0.024316
           9.49475          0.023428
           9.51217          0.022399
           9.52966          0.021596
           9.54721          0.021767
           9.56483          0.023088
           9.58250          0.024629
           9.60025          0.025241
           9.61806          0.025198
           9.63594          0.024922
           9.65388          0.024601
           9.67189          0.024383
           9.68997          0.024371
           9.70812          0.024317
           9.72633          0.024152
           9.74462          0.023983
           9.76297          0.023792
           9.78139          0.023725
           9.79988          0.023783
           9.81844          0.023813
           9.83707          0.023733
           9.85577          0.023708
           9.87454          0.023668
           9.89339          0.023586
           9.91230          0.023523
           9.93129          0.023569
           9.95036          0.023690
           9.96949          0.023775
           9.98870          0.023823
          10.00798          0.023836
          10.02734          0.023887
          10.04677          0.023948
          10.06628          0.023965
          10.08587          0.023900
          10.10553          0.023938
          10.12526          0.023934
          10.14508          0.023771
          10.16497          0.023567
          10.18494          0.023513
          10.20499          0.023415
          10.22512          0.023374
          10.24533          0.023285
          10.26561          0.023170
          10.28598          0.023091
          10.30643          0.023006
          10.32696          0.022937
          10.34757          0.022851
          10.36827          0.022899
          10.38905          0.023116
          10.40991          0.023336
          10.43086          0.023447
          10.45188          0.023713
          10.47300          0.024166
          10.49420          0.024593
          10.51549          0.024973
          10.53686          0.025481
          10.55832          0.026038
          10.57987          0.026766
          10.60150          0.027686
          10.62323          0.028733
          10.64504          0.030004
          10.66694          0.031559
          10.68894          0.033121
          10.71102          0.034698
          10.73320          0.036421
          10.75547          0.038182
          10.77783          0.039910
          10.80028          0.041598
          10.82283          0.043097
          10.84547          0.044446
          10.86821          0.045615
          10.89104          0.046628
          10.91397          0.047545
          10.93699          0.048363
          10.96012          0.049039
          10.98334          0.049669
          11.00666          0.050002
          11.03007          0.050123
          11.05359          0.050331
          11.07721          0.050392
          11.10093          0.050338
          11.12475          0.050294
          11.14868          0.050071
          11.17271          0.049898
          11.19684          0.049827
          11.22107          0.049693
          11.24541          0.049382
          11.26986          0.049120
          11.29441          0.048719
          11.31907          0.048316
          11.34384          0.047929
          11.36872          0.047365
          11.39370          0.046728
          11.41880          0.046163
          11.44401          0.045548
          11.46933          0.044792
          11.49476          0.044068
          11.52030          0.043365
          11.54596          0.042504
          11.57173          0.041592
          11.59762          0.040754
          11.62362          0.040018
          11.64974          0.039286
          11.67598          0.038616
          11.70234          0.037929
          11.72881          0.037197
          11.75541          0.036643
          11.78213          0.036183
          11.80896          0.035601
          11.83592          0.035108
          11.86301          0.034693
          11.89022          0.034388
          11.91755          0.034092
          11.94501          0.033834
          11.97260          0.033707
          12.00031          0.033765
          12.02816          0.033706
          12.05613          0.033587
          12.08423          0.033390
          12.11246          0.033253
          12.14083          0.033200
          12.16933          0.033073
          12.19796          0.032888
          12.22673          0.032631
          12.25564          0.032332
          12.28468          0.032100
          12.31386          0.031822
          12.34318          0.031649
          12.37264          0.031496
          12.40224          0.031217
          12.43198          0.030972
          12.46186          0.030747
          12.49189          0.030550
          12.52207          0.030469
          12.55238          0.030328
          12.58285          0.030159
          12.61347          0.029984
          12.64423          0.029808
          12.67515          0.029564
          12.70621          0.029292
          12.73743          0.029018
          12.76881          0.028851
          12.80033          0.028739
          12.83202          0.028575
          12.86386          0.028379
          12.89586          0.028159
          12.92802          0.027864
          12.96034          0.027636
          12.99282          0.027403
          13.02546          0.027134
          13.05827          0.026859
          13.09125          0.026507
          13.12439          0.026184
          13.15770          0.025963
          13.19118          0.025754
          13.22483          0.025535
          13.25866          0.025418
          13.29265          0.025265
          13.32683          0.024945
          13.36117          0.024474
          13.39570          0.024053
          13.43040          0.023815
          13.46529          0.023614
          13.50035          0.023274
          13.53560          0.023017
          13.57103          0.022704
          13.60665          0.022330
          13.64246          0.021935
          13.67846          0.021566
          13.71464          0.021316
          13.75102          0.021178
          13.78759          0.020861
          13.82436          0.020424
          13.86132          0.020119
          13.89849          0.019863
          13.93585          0.019454
          13.97341          0.019022
          14.01117          0.018651
          14.04915          0.018304
          14.08732          0.018054
          14.12571          0.017957
          14.16430          0.017950
          14.20311          0.017509
          14.24213          0.017088
          14.28136          0.016922
          14.32081          0.016677
          14.36049          0.016248
          14.40038          0.015975
          14.44049          0.015832
          14.48082          0.015660
          14.52139          0.015667
          14.56218          0.015810
          14.60320          0.016633
          14.64445          0.018357
          14.68593          0.020900
          14.72766          0.023957
          14.76962          0.026934
          14.81181          0.028945
          14.85425          0.029682
          14.89694          0.029846
          14.93987          0.029683
          14.98305          0.029371
          15.02648          0.029294
          15.07016          0.029565
          15.11410          0.029895
          15.15829          0.030464
          15.20274          0.031045
          15.24746          0.031529
          15.29243          0.032000
          15.33768          0.032887
          15.38319          0.033759
          15.42897          0.035198
          15.47503          0.037844
          15.52136          0.041121
          15.56797          0.043920
          15.61487          0.045355
          15.66204          0.045495
          15.70950          0.045088
          15.75725          0.044598
          15.80529          0.044398
          15.85362          0.044153
          15.90226          0.043764
          15.95119          0.043496
          16.00042          0.044156
          16.04995          0.046714
          16.09980          0.051180
          16.14995          0.056138
          16.20042          0.059567
          16.25121          0.061165
          16.30231          0.061695
          16.35374          0.062038
          16.40549          0.062021
          16.45757          0.061868
          16.50998          0.061857
          16.56273          0.061783
          16.61582          0.061740
          16.66924          0.061509
          16.72302          0.061350
          16.77714          0.061127
          16.83161          0.060762
          16.88643          0.060419
          16.94162          0.060180
          16.99716          0.059701
          17.05308          0.058965
          17.10936          0.058331
          17.16601          0.057669
          17.22304          0.056861
          17.28045          0.055952
          17.33824          0.054978
          17.39643          0.054427
          17.45500          0.053852
          17.51397          0.052830
          17.57334          0.051914
          17.63311          0.051211
          17.69329          0.050209
          17.75389          0.049063
          17.81490          0.048267
          17.87633          0.047492
          17.93818          0.046434
          18.00047          0.045428
          18.06319          0.044287
          18.12635          0.043124
          18.18995          0.042179
          18.25400          0.041400
          18.31850          0.040715
          18.38346          0.039885
          18.44888          0.038737
          18.51477          0.038189
          18.58113          0.037628
          18.64797          0.036956
          18.71529          0.036352
          18.78310          0.035576
          18.85140          0.034982
          18.92020          0.034796
          18.98951          0.034494
          19.05932          0.034071
          19.12965          0.033770
          19.20050          0.033430
          19.27188          0.033074
          19.34379          0.032644
          19.41624          0.032200
          19.48923          0.031207
          19.56277          0.031080
          19.63688          0.031235
          19.71154          0.031044
          19.78678          0.031036
          19.86259          0.030801
          19.93898          0.030368
          20.01596          0.030051
          20.09355          0.030482
          20.17173          0.030400
          20.25053          0.029571
          20.32994          0.029073
          20.40998          0.028404
          20.49065          0.028145
          20.57196          0.028220
          20.65392          0.027873
          20.73654          0.027185
          20.81982          0.026342
          20.90377          0.026220
          20.98840          0.026172
          21.07372          0.025334
          21.15973          0.024421
          21.24646          0.024231
          21.33389          0.023949
          21.42204          0.023724
          21.51093          0.023599
          21.60056          0.023129
          21.69094          0.022980
          21.78208          0.022583
          21.87399          0.022369
          21.96667          0.021947
          22.06015          0.020809
          22.15442          0.020359
          22.24951          0.020410
          22.34541          0.020908
          22.44214          0.020486
          22.53972          0.019990
          22.63814          0.019602
          22.73743          0.020019
          22.83760          0.020944
          22.93865          0.020918
          23.04060          0.021118
          23.14346          0.021954
          23.24724          0.022524
          23.35196          0.022309
          23.45763          0.021776
          23.56425          0.022018
          23.67185          0.022338
          23.78044          0.022988
          23.89002          0.024560
          24.00063          0.025938
          24.11226          0.026614
          24.22493          0.026521
          24.33866          0.025803
          24.45347          0.026085
          24.56936          0.027800
          24.68636          0.028706
          24.80447          0.027487
          24.92373          0.027536
          25.04413          0.027346
          25.16571          0.025643
          25.28846          0.026840
          25.41243          0.026575
          25.53761          0.027430
          25.66404          0.028184
          25.79172          0.029028
          25.92068          0.030568