           0.30000          0.106298
           0.30500          0.114895
           0.31000          0.122305
           0.31500          0.131820
           0.32000          0.139751
           0.32500          0.149386
           0.33000          0.158222
           0.33500          0.166471
           0.34000          0.175020
           0.34500          0.183343
           0.35000          0.190708
           0.35500          0.197586
           0.36000          0.204293
           0.36500          0.210496
           0.37000          0.216373
           0.37500          0.221872
           0.38000          0.227058
           0.38500          0.231768
           0.39000          0.237056
           0.39500          0.241917
           0.40000          0.246165
           0.40500          0.250000
           0.41000          0.250774
           0.41500          0.253804
           0.42000          0.256206
           0.42500          0.257782
           0.43000          0.260127
           0.43500          0.261545
           0.44000          0.263106
           0.44500          0.263952
           0.45000          0.264578
           0.45500          0.266272
           0.46000          0.267256
           0.46500          0.267781
           0.47000          0.267976
           0.47500          0.268539
           0.48000          0.269505
           0.48500          0.269112
           0.49000          0.268932
           0.49500          0.269822
           0.50000          0.270224
           0.50500          0.271285
           0.51000          0.271502
           0.51500          0.273479
           0.52000          0.273538
           0.52500          0.274404
           0.53000          0.274994
           0.53500          0.275945
           0.54000          0.276693
           0.54500          0.277535
           0.55000          0.278505
           0.55500          0.279309
           0.56000          0.280580
           0.56500          0.281101
           0.57000          0.281955
           0.57500          0.282960
           0.58000          0.283796
           0.58500          0.285281
           0.59000          0.286303
           0.59500          0.287470
           0.60000          0.288882
           0.60500          0.289746
           0.61000          0.291297
           0.61500          0.292344
           0.62000          0.293993
           0.62500          0.295240
           0.63000          0.297559
           0.63500          0.298751
           0.64000          0.299999
           0.64500          0.301156
           0.65000          0.302496
           0.65500          0.303953
           0.66000          0.304889
           0.66500          0.306566
           0.67000          0.307915
           0.67500          0.308734
           0.68000          0.310095
           0.68500          0.310924
           0.69000          0.312563
           0.69500          0.313372
           0.70000          0.314211
           0.70500          0.315303
           0.71000          0.316112
           0.71500          0.316973
           0.72000          0.318328
           0.72500          0.319436
           0.73000          0.319877
           0.73500          0.320541
           0.74000          0.321314
           0.74500          0.322457
           0.75000          0.322783
           0.75500          0.323507
           0.76000          0.325140
           0.76500          0.326243
           0.77000          0.326418
           0.77500          0.326629
           0.78000          0.327490
           0.78500          0.327597
           0.79000          0.328154
           0.79500          0.329375
           0.80000          0.330030
           0.80500          0.330781
           0.81000          0.330950
           0.81500          0.330771
           0.82000          0.331062
           0.82500          0.331142
           0.83000          0.331400
           0.83500          0.331182
           0.84000          0.331570
           0.84500          0.330894
           0.85000          0.331189
           0.85500          0.330815
           0.86000          0.331354
           0.86500          0.331413
           0.87000          0.331707
           0.87500          0.331069
           0.88000          0.331393
           0.88500          0.330796
           0.89000          0.330509
           0.89500          0.330188
           0.90000          0.330042
           0.90500          0.330159
           0.91000          0.329692
           0.91500          0.329655
           0.92000          0.329877
           0.92500          0.329521
           0.93000          0.328517
           0.93500          0.328775
           0.94000          0.328006
           0.94500          0.327325
           0.95000          0.325998
           0.95500          0.325727
           0.96000          0.324765
           0.96500          0.324329
           0.97000          0.323122
           0.97500          0.321950
           0.98000          0.320592
           0.98500          0.320444
           0.99000          0.319327
           0.99500          0.317514
           1.00000          0.315937
           1.00500          0.315442
           1.01000          0.313981
           1.01500          0.312797
           1.02000          0.312141
           1.02500          0.310847
           1.03000          0.309764
           1.03500          0.309275
           1.04000          0.307998
           1.04500          0.306904
           1.05000          0.305750
           1.05500          0.305152
           1.06000          0.304416
           1.06500          0.303633
           1.07000          0.302541
           1.07500          0.301534
           1.08000          0.301008
           1.08500          0.300007
           1.09000          0.299172
           1.09500          0.299085
           1.10000          0.298387
           1.10500          0.297690
           1.11000          0.297271
           1.11500          0.296734
           1.12000          0.296030
           1.12500          0.295576
           1.13000          0.295249
           1.13500          0.294363
           1.14000          0.294115
           1.14500          0.293514
           1.15000          0.292910
           1.15500          0.292725
           1.16000          0.291897
           1.16500          0.291449
           1.17000          0.290370
           1.17500          0.290014
           1.18000          0.289963
           1.18500          0.289510
           1.19000          0.288795
           1.19500          0.288097
           1.20000          0.287398
           1.20500          0.287446
           1.21000          0.286800
           1.21500          0.287101
           1.22000          0.286506
           1.22500          0.285997
           1.23000          0.285942
           1.23500          0.285842
           1.24000          0.285375
           1.24500          0.285117
           1.25000          0.285047
           1.25500          0.284838
           1.26000          0.284678
           1.26500          0.284717
           1.27000          0.284331
           1.27500          0.284503
           1.28000          0.284331
           1.28500          0.284563
           1.29000          0.284959
           1.29500          0.285413
           1.30000          0.285452
           1.30500          0.285755
           1.31000          0.286357
           1.31500          0.286737
           1.32000          0.287411
           1.32500          0.287680
           1.33000          0.288262
           1.33500          0.288005
           1.34000          0.288960
           1.34500          0.289304
           1.35000          0.290105
           1.35500          0.290404
           1.36000          0.291096
           1.36500          0.291420
           1.37000          0.292580
           1.37500          0.294261
           1.38000          0.294334
           1.38500          0.295075
           1.39000          0.296313
           1.39500          0.296367
           1.40000          0.297836
           1.40500          0.298119
           1.41000          0.299372
           1.41500          0.300968
           1.42000          0.301377
           1.42500          0.302391
           1.43000          0.303414
           1.43500          0.304508
           1.44000          0.304964
           1.44500          0.306124
           1.45000          0.307077
           1.45500          0.308214
           1.46000          0.308742
           1.46500          0.309674
           1.47000          0.310434
           1.47500          0.311149
           1.48000          0.312391
           1.48500          0.313333
           1.49000          0.314585
           1.49500          0.315483
           1.50000          0.315767
           1.50500          0.316807
           1.51000          0.317695
           1.51500          0.318583
           1.52000          0.318866
           1.52500          0.320527
           1.53000          0.320849
           1.53500          0.321611
           1.54000          0.321844
           1.54500          0.323585
           1.55000          0.323607
           1.55500          0.323928
           1.56000          0.324344
           1.56500          0.325852
           1.57000          0.325130
           1.57500          0.326139
           1.58000          0.326468
           1.58500          0.327150
           1.59000          0.326872
           1.59500          0.327708
           1.60000          0.328363
           1.60500          0.329012
           1.61000          0.329678
           1.61500          0.330369
           1.62000          0.330469
           1.62500          0.330319
           1.63000          0.330527
           1.63500          0.330764
           1.64000          0.330410
           1.64500          0.331401
           1.65000          0.330662
           1.65500          0.331399
           1.66000          0.332136
           1.66500          0.331390
           1.67000          0.331579
           1.67500          0.332251
           1.68000          0.333238
           1.68500          0.333131
           1.69000          0.332854
           1.69500          0.333290
           1.70000          0.333840
           1.70500          0.334160
           1.71000          0.334378
           1.71500          0.334224
           1.72000          0.334402
           1.72500          0.334306
           1.73000          0.334990
           1.73500          0.334769
           1.74000          0.334753
           1.74500          0.334839
           1.75000          0.334795
           1.75500          0.334340
           1.76000          0.334273
           1.76500          0.334292
           1.77000          0.333997
           1.77500          0.334167
           1.78000          0.333958
           1.78500          0.334131
           1.79000          0.334461
           1.79500          0.334163
           1.80000          0.334010
           1.80500          0.334121
           1.81000          0.334372
           1.81500          0.334328
           1.82000          0.333543
           1.82500          0.333877
           1.83000          0.333897
           1.83500          0.333965
           1.84000          0.333659
           1.84500          0.333777
           1.85000          0.333761
           1.85500          0.333838
           1.86000          0.333667
           1.86500          0.334174
           1.87000          0.333569
           1.87500          0.333023
           1.88000          0.333949
           1.88500          0.333398
           1.89000          0.333130
           1.89500          0.333845
           1.90000          0.333214
           1.90500          0.332908
           1.91000          0.333745
           1.91500          0.333428
           1.92000          0.333292
           1.92500          0.333220
           1.93000          0.333146
           1.93500          0.333483
           1.94000          0.333330
           1.94500          0.333563
           1.95000          0.333752
           1.95500          0.333149
           1.96000          0.333400
           1.96500          0.333576
           1.97000          0.333330
           1.97500          0.333862
           1.98000          0.333441
           1.98500          0.333571
           1.99000          0.333447
           1.99500          0.333589
           2.00000          0.333826
           2.00500          0.333947
           2.01000          0.334035
           2.01500          0.333868
           2.02000          0.333779
           2.02500          0.333898
           2.03000          0.333979
           2.03500          0.333891
           2.04000          0.334530
           2.04500          0.334273
           2.05000          0.334258
           2.05500          0.333922
           2.06000          0.334024
           2.06500          0.334079
           2.07000          0.333842
           2.07500          0.334526
           2.08000          0.334407
           2.08500          0.334451
           2.09000          0.334736
           2.09500          0.334991
           2.10000          0.334765
           2.10500          0.334662
           2.11000          0.334836
           2.11500          0.334982
           2.12000          0.334800
           2.12500          0.335425
           2.13000          0.335012
           2.13500          0.335164
           2.14000          0.334994
           2.14500          0.335418
           2.15000          0.335396
           2.15500          0.335375
           2.16000          0.335529
           2.16500          0.335507
           2.17000          0.335619
           2.17500          0.335634
           2.18000          0.335867
           2.18500          0.335904
           2.19000          0.336639
           2.19500          0.336830
           2.20000          0.336994
           2.20500          0.336953
           2.21000          0.337590
           2.21500          0.337744
           2.22000          0.338065
           2.22500          0.338040
           2.23000          0.338352
           2.23500          0.338123
           2.24000          0.338724
           2.24500          0.338849
           2.25000          0.338653
           2.25500          0.339247
           2.26000          0.339405
           2.26500          0.339628
           2.27000          0.339717
           2.27500          0.339906
           2.28000          0.340069
           2.28500          0.340537
           2.29000          0.340835
           2.29500          0.341258
           2.30000          0.341746
           2.30500          0.341738
           2.31000          0.341799
           2.31500          0.341895
           2.32000          0.342237
           2.32500          0.342402
           2.33000          0.342394
           2.33500          0.342266
           2.34000          0.342318
           2.34500          0.342454
           2.35000          0.341965
           2.35500          0.342492
           2.36000          0.342737
           2.36500          0.342833
           2.37000          0.343053
           2.37500          0.343622
           2.38000          0.343475
           2.38500          0.343929
           2.39000          0.344082
           2.39500          0.344747
           2.40000          0.345321
           2.40500          0.345719
           2.41000          0.345941
           2.41500          0.345882
           2.42000          0.346220
           2.42500          0.346495
           2.43000          0.346618
           2.43500          0.346682
           2.44000          0.346912
           2.44500          0.347367
           2.45000          0.347937
           2.45500          0.347894
           2.46000          0.348235
           2.46500          0.348336
           2.47000          0.348794
           2.47500          0.348025
           2.48000          0.348792
           2.48500          0.348793
           2.49000          0.348661
           2.49500          0.349061
           2.50000          0.349714
           2.50200          0.349308
           2.50320          0.349206
           2.50441          0.349337
           2.50562          0.349756
           2.50683          0.350024
           2.50805          0.349908
           2.50926          0.350162
           2.51048          0.350247
           2.51169          0.350185
           2.51291          0.349714
           2.51413          0.349308
           2.51535          0.349507
           2.51657          0.349553
           2.51779          0.349703
           2.51902          0.349627
           2.52024          0.349808
           2.52147          0.350158
           2.52269          0.350838
           2.52392          0.350731
           2.52515          0.350133
           2.52638          0.349723
           2.52761          0.349993
           2.52885          0.349846
           2.53008          0.350062
           2.53132          0.350532
           2.53255          0.350570
           2.53379          0.350024
           2.53503          0.349500
           2.53627          0.349297
           2.53751          0.349683
           2.53875          0.350129
           2.54000          0.350095
           2.54124          0.350089
           2.54249          0.349904
           2.54374          0.349591
           2.54499          0.350013
           2.54624          0.350089
           2.54749          0.349727
           2.54874          0.349085
           2.54999          0.348595
           2.55125          0.348566
           2.55250          0.349123
           2.55376          0.349495
           2.55502          0.349768
           2.55628          0.349556
           2.55754          0.349194
           2.55880          0.349203
           2.56007          0.349669
           2.56133          0.350171
           2.56260          0.350082
           2.56386          0.349832
           2.56513          0.349817
           2.56640          0.349286
           2.56767          0.349136
           2.56895          0.349027
           2.57022          0.348902
           2.57150          0.348713
           2.57277          0.348260
           2.57405          0.347950
           2.57533          0.349056
           2.57661          0.349384
           2.57789          0.348938
           2.57917          0.348452
           2.58046          0.348813
           2.58174          0.349139
           2.58303          0.348427
           2.58431          0.347792
           2.58560          0.347743
           2.58689          0.348178
           2.58819          0.347564
           2.58948          0.347743
           2.59077          0.348476
           2.59207          0.348800
           2.59336          0.349223
           2.59466          0.348717
           2.59596          0.347471
           2.59726          0.347529
           2.59856          0.348166
           2.59987          0.348657
           2.60117          0.348481
           2.60248          0.348019
           2.60378          0.347671
           2.60509          0.347283
           2.60640          0.347335
           2.60771          0.347515
           2.60903          0.348115
           2.61034          0.348001
           2.61166          0.347825
           2.61297          0.348173
           2.61429          0.348806
           2.61561          0.348476
           2.61693          0.347975
           2.61825          0.347359
           2.61957          0.348006
           2.62090          0.348517
           2.62222          0.348566
           2.62355          0.348677
           2.62488          0.348325
           2.62621          0.348238
           2.62754          0.347633
           2.62887          0.347361
           2.63021          0.347640
           2.63154          0.347821
           2.63288          0.348664
           2.63421          0.349074
           2.63555          0.348271
           2.63689          0.347743
           2.63824          0.347805
           2.63958          0.347946
           2.64092          0.348202
           2.64227          0.347948
           2.64362          0.347274
           2.64497          0.347493
           2.64632          0.347796
           2.64767          0.347745
           2.64902          0.348483
           2.65038          0.348851
           2.65173          0.348146
           2.65309          0.347533
           2.65445          0.347431
           2.65581          0.347107
           2.65717          0.347161
           2.65853          0.347480
           2.65989          0.347468
           2.66126          0.347792
           2.66263          0.347981
           2.66400          0.347546
           2.66536          0.346900
           2.66674          0.346661
           2.66811          0.346913
           2.66948          0.347348
           2.67086          0.347339
           2.67223          0.346737
           2.67361          0.347669
           2.67499          0.347609
           2.67637          0.347199
           2.67776          0.346518
           2.67914          0.346588
           2.68052          0.346811
           2.68191          0.346953
           2.68330          0.346561
           2.68469          0.345827
           2.68608          0.345803
           2.68747          0.345653
           2.68887          0.345921
           2.69026          0.346142
           2.69166          0.345939
           2.69306          0.345963
           2.69446          0.345575
           2.69586          0.345700
           2.69726          0.345751
           2.69866          0.345718
           2.70007          0.345700
           2.70148          0.345308
           2.70289          0.345446
           2.70430          0.345488
           2.70571          0.345036
           2.70712          0.345089
           2.70853          0.345279
           2.70995          0.344973
           2.71137          0.344692
           2.71279          0.344569
           2.71421          0.344458
           2.71563          0.344061
           2.71705          0.344380
           2.71848          0.344583
           2.71990          0.344407
           2.72133          0.344050
           2.72276          0.343706
           2.72419          0.344155
           2.72562          0.344373
           2.72706          0.343929
           2.72849          0.343486
           2.72993          0.343430
           2.73137          0.343267
           2.73281          0.343064
           2.73425          0.342781
           2.73569          0.342442
           2.73714          0.342480
           2.73858          0.342455
           2.74003          0.341566
           2.74148          0.341167
           2.74293          0.341403
           2.74438          0.341954
           2.74583          0.341918
           2.74729          0.341340
           2.74875          0.341097
           2.75020          0.340928
           2.75166          0.340500
           2.75313          0.340023
           2.75459          0.339980
           2.75605          0.340009
           2.75752          0.339608
           2.75899          0.339550
           2.76046          0.339494
           2.76193          0.339666
           2.76340          0.339536
           2.76487          0.338992
           2.76635          0.338421
           2.76782          0.338174
           2.76930          0.338225
           2.77078          0.338158
           2.77226          0.337467
           2.77375          0.337701
           2.77523          0.337817
           2.77672          0.337378
           2.77821          0.337157
           2.77970          0.337275
           2.78119          0.337101
           2.78268          0.336700
           2.78418          0.336205
           2.78567          0.336194
           2.78717          0.336410
           2.78867          0.336142
           2.79017          0.335924
           2.79167          0.335712
           2.79318          0.335324
           2.79468          0.335480
           2.79619          0.335569
           2.79770          0.335369
           2.79921          0.335188
           2.80072          0.334862
           2.80224          0.334657
           2.80375          0.334314
           2.80527          0.334151
           2.80679          0.334280
           2.80831          0.333888
           2.80983          0.334031
           2.81135          0.333941
           2.81288          0.333665
           2.81441          0.333732
           2.81593          0.333745
           2.81746          0.333409
           2.81900          0.332876
           2.82053          0.332461
           2.82207          0.332436
           2.82360          0.332086
           2.82514          0.331631
           2.82668          0.331511
           2.82822          0.331274
           2.82977          0.331161
           2.83131          0.331234
           2.83286          0.331234
           2.83441          0.331582
           2.83596          0.331326
           2.83751          0.331034
           2.83907          0.330440
           2.84062          0.329981
           2.84218          0.329827
           2.84374          0.329838
           2.84530          0.329622
           2.84686          0.329490
           2.84843          0.329270
           2.84999          0.328931
           2.85156          0.328694
           2.85313          0.328645
           2.85470          0.328333
           2.85627          0.328119
           2.85785          0.328324
           2.85942          0.328028
           2.86100          0.327470
           2.86258          0.327399
           2.86416          0.327176
           2.86575          0.327171
           2.86733          0.326857
           2.86892          0.326384
           2.87051          0.326623
           2.87210          0.326563
           2.87369          0.326340
           2.87528          0.326429
           2.87688          0.326119
           2.87848          0.325548
           2.88007          0.325220
           2.88168          0.325129
           2.88328          0.324841
           2.88488          0.324638
           2.88649          0.324368
           2.88810          0.324649
           2.88971          0.325144
           2.89132          0.325035
           2.89293          0.324705
           2.89455          0.324549
           2.89616          0.324270
           2.89778          0.324181
           2.89940          0.323938
           2.90103          0.323929
           2.90265          0.323838
           2.90428          0.323878
           2.90591          0.323971
           2.90754          0.323478
           2.90917          0.323218
           2.91080          0.323409
           2.91244          0.323289
           2.91407          0.323247
           2.91571          0.323084
           2.91735          0.322870
           2.91899          0.322841
           2.92064          0.323010
           2.92229          0.323231
           2.92393          0.322946
           2.92558          0.322616
           2.92724          0.322685
           2.92889          0.322682
           2.93055          0.322236
           2.93220          0.321866
           2.93386          0.321926
           2.93552          0.322076
           2.93719          0.321951
           2.93885          0.321806
           2.94052          0.321931
           2.94219          0.321712
           2.94386          0.321567
           2.94553          0.321552
           2.94721          0.321389
           2.94888          0.321425
           2.95056          0.321367
           2.95224          0.321449
           2.95392          0.321485
           2.95561          0.321233
           2.95729          0.321099
           2.95898          0.321193
           2.96067          0.321275
           2.96236          0.321010
           2.96406          0.321017
           2.96575          0.321188
           2.96745          0.321112
           2.96915          0.320680
           2.97085          0.320727
           2.97255          0.320780
           2.97426          0.320798
           2.97597          0.321037
           2.97768          0.320903
           2.97939          0.320296
           2.98110          0.320167
           2.98282          0.320488
           2.98453          0.320617
           2.98625          0.320479
           2.98797          0.320475
           2.98970          0.320557
           2.99142          0.320352
           2.99315          0.320169
           2.99488          0.319870
           2.99661          0.319710
           2.99834          0.319922
           3.00008          0.319654
           3.00182          0.319804
           3.00355          0.320207
           3.00530          0.320258
           3.00704          0.319893
           3.00878          0.319957
           3.01053          0.320089
           3.01228          0.319685
           3.01403          0.319554
           3.01579          0.319808
           3.01754          0.319656
           3.01930          0.319536
           3.02106          0.319850
           3.02282          0.319875
           3.02458          0.319476
           3.02635          0.319750
           3.02812          0.319808
           3.02989          0.319788
           3.03166          0.319705
           3.03343          0.319431
           3.03521          0.319016
           3.03699          0.319036
           3.03877          0.319480
           3.04055          0.319737
           3.04233          0.319554
           3.04412          0.319282
           3.04591          0.319293
           3.04770          0.319221
           3.04949          0.318999
           3.05129          0.318976
           3.05308          0.319322
           3.05488          0.319208
           3.05668          0.319130
           3.05849          0.319297
           3.06029          0.319433
           3.06210          0.319581
           3.06391          0.319364
           3.06572          0.319271
           3.06754          0.319364
           3.06935          0.319438
           3.07117          0.319253
           3.07299          0.319068
           3.07481          0.318905
           3.07664          0.318858
           3.07847          0.318862
           3.08029          0.318885
           3.08213          0.318749
           3.08396          0.318999
           3.08579          0.319293
           3.08763          0.319244
           3.08947          0.318996
           3.09131          0.318813
           3.09316          0.318684
           3.09501          0.318880
           3.09685          0.319170
           3.09871          0.319195
           3.10056          0.319010
           3.10241          0.318856
           3.10427          0.318639
           3.10613          0.318461
           3.10799          0.318503
           3.10986          0.318722
           3.11173          0.318949
           3.11359          0.319094
           3.11547          0.319208
           3.11734          0.318996
           3.11921          0.318849
           3.12109          0.318941
           3.12297          0.318927
           3.12486          0.318633
           3.12674          0.318586
           3.12863          0.318463
           3.13052          0.318526
           3.13241          0.319052
           3.13430          0.319085
           3.13620          0.318825
           3.13810          0.318776
           3.14000          0.318693
           3.14190          0.318700
           3.14381          0.318945
           3.14571          0.319150
           3.14762          0.319199
           3.14954          0.319230
           3.15145          0.318934
           3.15337          0.318851
           3.15529          0.318887
           3.15721          0.318896
           3.15913          0.319061
           3.16106          0.319012
           3.16299          0.318865
           3.16492          0.318653
           3.16685          0.318802
           3.16879          0.319005
           3.17072          0.319141
           3.17267          0.318764
           3.17461          0.318508
           3.17655          0.318553
           3.17850          0.318617
           3.18045          0.318553
           3.18240          0.318731
           3.18436          0.318990
           3.18632          0.319050
           3.18827          0.318958
           3.19024          0.318784
           3.19220          0.318967
           3.19417          0.319094
           3.19614          0.318544
           3.19811          0.318164
           3.20008          0.318049
           3.20206          0.318325
           3.20404          0.318468
           3.20602          0.318312
           3.20800          0.318196
           3.20999          0.318164
           3.21198          0.318214
           3.21397          0.318425
           3.21596          0.318606
           3.21796          0.318412
           3.21996          0.318490
           3.22196          0.318403
           3.22396          0.317859
           3.22597          0.317821
           3.22798          0.318046
           3.22999          0.318149
           3.23200          0.317955
           3.23402          0.317930
           3.23604          0.317772
           3.23806          0.317400
           3.24008          0.317362
           3.24211          0.317558
           3.24414          0.317565
           3.24617          0.317406
           3.24820          0.316760
           3.25024          0.316782
           3.25228          0.317143
           3.25432          0.316869
           3.25637          0.316806
           3.25841          0.316820
           3.26046          0.316492
           3.26251          0.316311
           3.26457          0.316421
           3.26663          0.316579
           3.26869          0.316438
           3.27075          0.316247
           3.27281          0.316001
           3.27488          0.316004
           3.27695          0.316071
           3.27902          0.315841
           3.28110          0.315665
           3.28318          0.315446
           3.28526          0.315486
           3.28734          0.315736
           3.28943          0.315576
           3.29151          0.315486
           3.29361          0.315281
           3.29570          0.315007
           3.29780          0.314762
           3.29990          0.314423
           3.30200          0.314336
           3.30410          0.314264
           3.30621          0.314186
           3.30832          0.314090
           3.31043          0.314012
           3.31255          0.313736
           3.31466          0.313377
           3.31679          0.313388
           3.31891          0.313386
           3.32103          0.313225
           3.32316          0.312822
           3.32529          0.312663
           3.32743          0.312610
           3.32957          0.312309
           3.33171          0.311956
           3.33385          0.311800
           3.33599          0.311559
           3.33814          0.311463
           3.34029          0.311272
           3.34245          0.310997
           3.34460          0.310603
           3.34676          0.310313
           3.34892          0.309869
           3.35109          0.309664
           3.35326          0.309425
           3.35543          0.308957
           3.35760          0.308415
           3.35978          0.307967
           3.36196          0.307519
           3.36414          0.306727
           3.36632          0.305991
           3.36851          0.305351
           3.37070          0.304722
           3.37289          0.304127
           3.37509          0.303320
           3.37729          0.302854
           3.37949          0.302530
           3.38169          0.302350
           3.38390          0.302593
           3.38611          0.302660
           3.38832          0.302577
           3.39054          0.302700
           3.39276          0.302483
           3.39498          0.301739
           3.39721          0.300951
           3.39943          0.300378
           3.40166          0.299772
           3.40390          0.298944
           3.40613          0.297954
           3.40837          0.297002
           3.41061          0.296224
           3.41286          0.295486
           3.41511          0.294832
           3.41736          0.294482
           3.41961          0.294576
           3.42187          0.294763
           3.42413          0.295089
           3.42639          0.295669
           3.42866          0.296291
           3.43093          0.296808
           3.43320          0.297435
           3.43548          0.298184
           3.43776          0.298750
           3.44004          0.299426
           3.44232          0.299856
           3.44461          0.300028
           3.44690          0.300227
           3.44919          0.300269
           3.45149          0.300291
           3.45379          0.300579
           3.45609          0.300606
           3.45840          0.300983
           3.46070          0.301397
           3.46302          0.301317
           3.46533          0.300902
           3.46765          0.300606
           3.46997          0.300577
           3.47229          0.300343
           3.47462          0.300088
           3.47695          0.299830
           3.47929          0.299607
           3.48162          0.299473
           3.48396          0.299201
           3.48630          0.298866
           3.48865          0.298400
           3.49100          0.298108
           3.49335          0.297988
           3.49571          0.297584
           3.49807          0.296536
           3.50043          0.296010
           3.50279          0.295923
           3.50516          0.295858
           3.50753          0.296141
           3.50991          0.296523
           3.51229          0.296987
           3.51467          0.297921
           3.51705          0.298659
           3.51944          0.299118
           3.52183          0.299422
           3.52423          0.299738
           3.52662          0.299899
           3.52902          0.299778
           3.53143          0.299761
           3.53383          0.299908
           3.53624          0.299941
           3.53866          0.299783
           3.54108          0.299399
           3.54350          0.299130
           3.54592          0.298933
           3.54835          0.299085
           3.55078          0.299101
           3.55321          0.298777
           3.55565          0.298378
           3.55809          0.298044
           3.56053          0.298110
           3.56298          0.298264
           3.56543          0.297979
           3.56788          0.297780
           3.57034          0.297522
           3.57280          0.297328
           3.57527          0.297381
           3.57773          0.297234
           3.58020          0.296830
           3.58268          0.296641
           3.58516          0.296454
           3.58764          0.296318
           3.59012          0.296264
           3.59261          0.296112
           3.59510          0.295916
           3.59760          0.295713
           3.60009          0.295666
           3.60260          0.295294
           3.60510          0.294850
           3.60761          0.294866
           3.61012          0.294848
           3.61264          0.294661
           3.61516          0.294440
           3.61768          0.294204
           3.62021          0.293760
           3.62274          0.293708
           3.62527          0.293798
           3.62781          0.293501
           3.63035          0.293180
           3.63289          0.292984
           3.63544          0.292765
           3.63799          0.292765
           3.64054          0.292645
           3.64310          0.292614
           3.64566          0.292687
           3.64823          0.292375
           3.65080          0.292292
           3.65337          0.292344
           3.65595          0.292132
           3.65853          0.291884
           3.66111          0.291441
           3.66370          0.291285
           3.66629          0.291260
           3.66889          0.291012
           3.67148          0.290662
           3.67409          0.290364
           3.67669          0.290185
           3.67930          0.290040
           3.68191          0.289808
           3.68453          0.289637
           3.68715          0.289532
           3.68978          0.289572
           3.69240          0.289621
           3.69504          0.289411
           3.69767          0.289257
           3.70031          0.289157
           3.70295          0.289068
           3.70560          0.288968
           3.70825          0.288758
           3.71091          0.288722
           3.71356          0.288729
           3.71623          0.288796
           3.71889          0.288729
           3.72156          0.288539
           3.72423          0.288323
           3.72691          0.288136
           3.72959          0.288140
           3.73228          0.288408
           3.73497          0.288357
           3.73766          0.288189
           3.74036          0.287962
           3.74306          0.287734
           3.74576          0.287656
           3.74847          0.287830
           3.75118          0.287730
           3.75390          0.287540
           3.75662          0.287378
           3.75934          0.287540
           3.76207          0.287572
           3.76480          0.287317
           3.76754          0.287032
           3.77028          0.286938
           3.77302          0.286724
           3.77577          0.286477
           3.77852          0.286227
           3.78128          0.285830
           3.78404          0.285431
           3.78680          0.285429
           3.78957          0.285244
           3.79234          0.284831
           3.79512          0.284572
           3.79790          0.284463
           3.80069          0.284178
           3.80347          0.283872
           3.80627          0.283622
           3.80906          0.283190
           3.81186          0.282811
           3.81467          0.282630
           3.81748          0.282414
           3.82029          0.282106
           3.82311          0.281738
           3.82593          0.281352
           3.82876          0.280906
           3.83159          0.280507
           3.83442          0.279985
           3.83726          0.279633
           3.84010          0.279575
           3.84295          0.279285
           3.84580          0.278951
           3.84865          0.278708
           3.85151          0.278282
           3.85438          0.277827
           3.85724          0.277189
           3.86012          0.276814
           3.86299          0.276440
           3.86587          0.276125
           3.86876          0.275757
           3.87165          0.275623
           3.87454          0.275474
           3.87744          0.274814
           3.88034          0.274321
           3.88325          0.274056
           3.88616          0.273695
           3.88907          0.273443
           3.89199          0.273003
           3.89492          0.272588
           3.89785          0.272232
           3.90078          0.271948
           3.90372          0.271523
           3.90666          0.271054
           3.90960          0.270733
           3.91255          0.270539
           3.91551          0.269988
           3.91847          0.269560
           3.92143          0.269168
           3.92440          0.269014
           3.92738          0.268896
           3.93035          0.268659
           3.93333          0.268231
           3.93632          0.267781
           3.93931          0.267185
           3.94231          0.266915
           3.94531          0.266425
           3.94831          0.266019
           3.95132          0.265664
           3.95434          0.265464
           3.95735          0.265285
           3.96038          0.264779
           3.96341          0.264092
           3.96644          0.263749
           3.96948          0.263452
           3.97252          0.262893
           3.97556          0.262607
           3.97861          0.262210
           3.98167          0.261724
           3.98473          0.261474
           3.98780          0.261042
           3.99087          0.260618
           3.99394          0.259936
           3.99702          0.259334
           4.00010          0.258957
           4.00319          0.258640
           4.00629          0.257938
           4.00939          0.257550
           4.01249          0.257273
           4.01560          0.257124
           4.01871          0.256675
           4.02183          0.256187
           4.02495          0.255679
           4.02808          0.255333
           4.03121          0.255090
           4.03435          0.254798
           4.03749          0.254307
           4.04064          0.253732
           4.04379          0.253344
           4.04694          0.253096
           4.05011          0.252728
           4.05327          0.252316
           4.05644          0.251796
           4.05962          0.251308
           4.06280          0.250871
           4.06599          0.250438
           4.06918          0.250117
           4.07238          0.249798
           4.07558          0.249261
           4.07878          0.248886
           4.08200          0.248500
           4.08521          0.248110
           4.08843          0.247680
           4.09166          0.247194
           4.09489          0.246716
           4.09813          0.246112
           4.10137          0.245425
           4.10462          0.244892
           4.10787          0.244455
           4.11113          0.243875
           4.11439          0.243211
           4.11766          0.242899
           4.12093          0.242502
           4.12421          0.241929
           4.12750          0.241398
           4.13079          0.240959
           4.13408          0.240506
           4.13738          0.239893
           4.14068          0.239077
           4.14399          0.238495
           4.14731          0.238064
           4.15063          0.237429
           4.15395          0.236809
           4.15729          0.236517
           4.16062          0.236033
           4.16396          0.235324
           4.16731          0.234695
           4.17066          0.234362
           4.17402          0.233687
           4.17739          0.232866
           4.18075          0.232193
           4.18413          0.231620
           4.18751          0.231158
           4.19089          0.230418
           4.19428          0.229439
           4.19768          0.228658
           4.20108          0.227927
           4.20449          0.227207
           4.20790          0.226433
           4.21132          0.225523
           4.21474          0.224778
           4.21817          0.223935
           4.22161          0.222921
           4.22505          0.222080
           4.22850          0.221119
           4.23195          0.219975
           4.23540          0.218824
           4.23887          0.217664
           4.24234          0.216590
           4.24581          0.215397
           4.24929          0.213954
           4.25278          0.212498
           4.25627          0.210926
           4.25977          0.209436
           4.26327          0.207496
           4.26678          0.205453
           4.27029          0.203665
           4.27381          0.201796
           4.27734          0.199751
           4.28087          0.197321
           4.28441          0.194752
           4.28795          0.192453
           4.29150          0.190200
           4.29506          0.187984
           4.29862          0.185863
           4.30219          0.183713
           4.30576          0.181510
           4.30934          0.179563
           4.31292          0.177692
           4.31652          0.175989
           4.32011          0.174528
           4.32372          0.173277
           4.32732          0.172008
           4.33094          0.170909
           4.33456          0.169870
           4.33819          0.168813
           4.34182          0.167682
           4.34546          0.166616
           4.34911          0.165711
           4.35276          0.164754
           4.35642          0.163755
           4.36008          0.162814
           4.36375          0.161911
           4.36743          0.160968
           4.37111          0.160047
           4.37480          0.159264
           4.37849          0.158497
           4.38219          0.157647
           4.38590          0.156791
           4.38961          0.156129
           4.39333          0.155455
           4.39706          0.155060
           4.40079          0.154632
           4.40453          0.154148
           4.40828          0.153678
           4.41203          0.153410
           4.41579          0.153343
           4.41955          0.153216
           4.42332          0.152996
           4.42710          0.153067
           4.43088          0.153107
           4.43468          0.153268
           4.43847          0.153399
           4.44228          0.153446
           4.44608          0.153520
           4.44990          0.153783
           4.45372          0.153986
           4.45755          0.153876
           4.46139          0.153714
           4.46523          0.153464
           4.46908          0.153158
           4.47294          0.153223
           4.47680          0.153076
           4.48067          0.152804
           4.48455          0.152525
           4.48843          0.152186
           4.49232          0.151731
           4.49621          0.151109
           4.50012          0.150607
           4.50403          0.150050
           4.50794          0.149356
           4.51187          0.148703
           4.51580          0.148063
           4.51973          0.147483
           4.52368          0.146656
           4.52763          0.145762
           4.53159          0.145019
           4.53555          0.144165
           4.53952          0.143438
           4.54350          0.142546
           4.54749          0.141576
           4.55148          0.140619
           4.55548          0.139698
           4.55949          0.138708
           4.56350          0.137843
           4.56752          0.137136
           4.57155          0.136003
           4.57558          0.134942
           4.57963          0.134166
           4.58367          0.133334
           4.58773          0.132237
           4.59179          0.131222
           4.59586          0.130330
           4.59994          0.129396
           4.60403          0.128243
           4.60812          0.127275
           4.61222          0.126405
           4.61633          0.125266
           4.62044          0.124200
           4.62456          0.123208
           4.62869          0.122267
           4.63283          0.121341
           4.63697          0.120456
           4.64112          0.119840
           4.64528          0.119232
           4.64945          0.118688
           4.65362          0.118152
           4.65780          0.117613
           4.66199          0.116959
           4.66619          0.116529
           4.67039          0.116252
           4.67460          0.115840
           4.67882          0.115465
           4.68305          0.115202
           4.68728          0.114948
           4.69152          0.114431
           4.69577          0.114080
           4.70003          0.113875
           4.70430          0.113358
           4.70857          0.112821
           4.71285          0.112370
           4.71714          0.111815
           4.72143          0.111342
           4.72574          0.110883
           4.73005          0.110497
           4.73437          0.110162
           4.73870          0.109650
           4.74303          0.109183
           4.74738          0.108845
           4.75173          0.108416
           4.75609          0.108033
           4.76045          0.107640
           4.76483          0.107469
           4.76921          0.107348
           4.77360          0.107005
           4.77800          0.106483
           4.78241          0.106131
           4.78683          0.106004
           4.79125          0.105716
           4.79568          0.105486
           4.80013          0.105199
           4.80457          0.104978
           4.80903          0.104811
           4.81350          0.104487
           4.81797          0.104061
           4.82245          0.103847
           4.82694          0.103548
           4.83144          0.103165
           4.83595          0.102815
           4.84046          0.102478
           4.84499          0.102108
           4.84952          0.101622
           4.85406          0.101191
           4.85861          0.100801
           4.86317          0.100542
           4.86773          0.100230
           4.87231          0.099746
           4.87689          0.099363
           4.88148          0.098774
           4.88608          0.098373
           4.89069          0.097933
           4.89531          0.097307
           4.89994          0.096736
           4.90457          0.096377
           4.90922          0.096018
           4.91387          0.095630
           4.91853          0.095324
           4.92321          0.095095
           4.92788          0.094564
           4.93257          0.094261
           4.93727          0.094154
           4.94198          0.093772
           4.94669          0.093413
           4.95142          0.093154
           4.95615          0.092771
           4.96090          0.092693
           4.96565          0.092635
           4.97041          0.092530
           4.97518          0.092318
           4.97996          0.092022
           4.98475          0.091770
           4.98954          0.091569
           4.99435          0.091277
           4.99917          0.091038
           5.00399          0.090922
           5.00883          0.090751
           5.01367          0.090581
           5.01852          0.090481
           5.02339          0.090262
           5.02826          0.089778
           5.03314          0.089529
           5.03803          0.089544
           5.04293          0.089500
           5.04784          0.089290
           5.05276          0.089034
           5.05769          0.088712
           5.06263          0.088550
           5.06758          0.088396
           5.07254          0.088206
           5.07751          0.088077
           5.08249          0.087874
           5.08747          0.087597
           5.09247          0.087379
           5.09748          0.087154
           5.10250          0.086812
           5.10752          0.086670
           5.11256          0.086632
           5.11761          0.086487
           5.12266          0.086253
           5.12773          0.085787
           5.13281          0.085468
           5.13789          0.085234
           5.14299          0.084953
           5.14810          0.084636
           5.15322          0.084511
           5.15834          0.084364
           5.16348          0.084076
           5.16863          0.083769
           5.17379          0.083572
           5.17896          0.083430
           5.18413          0.083265
           5.18932          0.083084
           5.19452          0.082776
           5.19973          0.082484
           5.20496          0.082408
           5.21019          0.082261
           5.21543          0.082002
           5.22068          0.081927
           5.22594          0.081857
           5.23122          0.081588
           5.23650          0.081570
           5.24179          0.081688
           5.24710          0.081429
           5.25242          0.081215
           5.25774          0.080968
           5.26308          0.080740
           5.26843          0.080716
           5.27379          0.080602
           5.27916          0.080321
           5.28454          0.080143
           5.28993          0.080062
           5.29534          0.080027
           5.30075          0.079735
           5.30618          0.079489
           5.31161          0.079650
           5.31706          0.079654
           5.32252          0.079525
           5.32799          0.079318
           5.33347          0.079202
           5.33896          0.079248
           5.34447          0.079335
           5.34998          0.079157
           5.35551          0.078880
           5.36105          0.078669
           5.36660          0.078537
           5.37216          0.078488
           5.37773          0.078225
           5.38332          0.077948
           5.38891          0.077797
           5.39452          0.077737
           5.40014          0.077589
           5.40577          0.077482
           5.41141          0.077378
           5.41707          0.077212
           5.42274          0.076907
           5.42841          0.076637
           5.43410          0.076535
           5.43981          0.076280
           5.44552          0.076064
           5.45125          0.076144
           5.45698          0.076149
           5.46273          0.075939
           5.46850          0.075812
           5.47427          0.075915
           5.48006          0.075848
           5.48586          0.075741
           5.49167          0.075767
           5.49749          0.075879
           5.50333          0.075886
           5.50918          0.075872
           5.51504          0.075785
           5.52091          0.075571
           5.52680          0.075466
           5.53269          0.075199
           5.53861          0.074960
           5.54453          0.074936
           5.55047          0.074889
           5.55641          0.074873
           5.56238          0.074717
           5.56835          0.074474
           5.57434          0.074302
           5.58034          0.073995
           5.58635          0.073636
           5.59238          0.073500
           5.59842          0.073265
           5.60447          0.073105
           5.61054          0.073054
           5.61661          0.072920
           5.62271          0.072817
           5.62881          0.072735
           5.63493          0.072643
           5.64106          0.072559
           5.64721          0.072628
           5.65336          0.072683
           5.65954          0.072688
           5.66572          0.072690
           5.67192          0.072668
           5.67813          0.072614
           5.68436          0.072637
           5.69060          0.072588
           5.69685          0.072766
           5.70312          0.072806
           5.70940          0.072637
           5.71569          0.072670
           5.72200          0.072846
           5.72833          0.072987
           5.73466          0.072967
           5.74101          0.072788
           5.74738          0.072710
           5.75376          0.072628
           5.76015          0.072581
           5.76656          0.072603
           5.77298          0.072536
           5.77941          0.072309
           5.78586          0.072206
           5.79233          0.072119
           5.79881          0.071981
           5.80530          0.072006
           5.81181          0.071979
           5.81833          0.071818
           5.82487          0.071562
           5.83142          0.071430
           5.83799          0.071234
           5.84457          0.070953
           5.85117          0.070893
           5.85778          0.070891
           5.86441          0.070734
           5.87105          0.070589
           5.87770          0.070529
           5.88438          0.070324
           5.89106          0.070219
           5.89776          0.070248
           5.90448          0.070184
           5.91121          0.070117
           5.91796          0.070014
           5.92473          0.069871
           5.93150          0.069709
           5.93830          0.069454
           5.94511          0.069374
           5.95193          0.069399
           5.95878          0.069247
           5.96563          0.069180
           5.97251          0.069214
           5.97939          0.069107
           5.98630          0.068930
           5.99322          0.068701
           6.00016          0.068623
           6.00711          0.068625
           6.01408          0.068598
           6.02106          0.068518
           6.02806          0.068551
           6.03508          0.068627
           6.04212          0.068732
           6.04917          0.068676
           6.05623          0.068794
           6.06332          0.068966
           6.07042          0.069017
           6.07753          0.069091
           6.08467          0.069129
           6.09182          0.069118
           6.09898          0.069149
           6.10617          0.069269
           6.11337          0.069303
           6.12058          0.069390
           6.12782          0.069390
           6.13507          0.069370
           6.14234          0.069410
           6.14963          0.069245
           6.15693          0.068892
           6.16425          0.068759
           6.17159          0.068799
           6.17895          0.068754
           6.18632          0.068743
           6.19371          0.068768
           6.20112          0.068625
           6.20854          0.068475
           6.21599          0.068462
           6.22345          0.068317
           6.23093          0.068161
           6.23843          0.068072
           6.24595          0.067934
           6.25348          0.067858
           6.26103          0.067711
           6.26860          0.067662
           6.27619          0.067708
           6.28380          0.067639
           6.29143          0.067418
           6.29907          0.067291
           6.30673          0.067146
           6.31442          0.067151
           6.32212          0.067048
           6.32984          0.066950
           6.33757          0.066888
           6.34533          0.066761
           6.35311          0.066832
           6.36090          0.066756
           6.36872          0.066531
           6.37655          0.066589
           6.38440          0.066419
           6.39227          0.066127
           6.40017          0.066078
           6.40808          0.066121
           6.41601          0.066002
           6.42396          0.065735
           6.43193          0.065476
           6.43992          0.065338
           6.44793          0.065251
           6.45596          0.065333
           6.46401          0.065244
           6.47208          0.064945
           6.48017          0.064789
           6.48828          0.064731
           6.49641          0.064591
           6.50456          0.064497
           6.51273          0.064210
           6.52092          0.063987
           6.52914          0.063931
           6.53737          0.063915
           6.54563          0.063701
           6.55390          0.063471
           6.56220          0.063313
           6.57051          0.063121
           6.57885          0.063025
           6.58721          0.062961
           6.59559          0.062894
           6.60399          0.062707
           6.61242          0.062640
           6.62086          0.062435
           6.62933          0.062176
           6.63782          0.062127
           6.64633          0.061886
           6.65486          0.061679
           6.66341          0.061654
           6.67199          0.061670
           6.68059          0.061676
           6.68921          0.061638
           6.69785          0.061493
           6.70651          0.061311
           6.71520          0.060961
           6.72391          0.060762
           6.73264          0.060722
           6.74140          0.060622
           6.75018          0.060356
           6.75898          0.060218
           6.76780          0.060216
           6.77665          0.060169
           6.78552          0.059897
           6.79441          0.059629
           6.80333          0.059415
           6.81227          0.059192
           6.82123          0.059049
           6.83022          0.058958
           6.83923          0.058831
           6.84826          0.058650
           6.85732          0.058559
           6.86640          0.058403
           6.87551          0.058108
           6.88464          0.057990
           6.89380          0.057885
           6.90298          0.057578
           6.91218          0.057377
           6.92141          0.057248
           6.93066          0.056984
           6.93994          0.056757
           6.94924          0.056512
           6.95857          0.056271
           6.96792          0.056001
           6.97730          0.055738
           6.98670          0.055669
           6.99613          0.055589
           7.00559          0.055287
           7.01507          0.055056
           7.02457          0.054902
           7.03410          0.054583
           7.04366          0.054079
           7.05325          0.053597
           7.06285          0.053454
           7.07249          0.053501
           7.08215          0.053365
           7.09184          0.053254
           7.10155          0.053196
           7.11130          0.052955
           7.12106          0.052638
           7.13086          0.052386
           7.14068          0.052134
           7.15053          0.051856
           7.16041          0.051552
           7.17031          0.051430
           7.18024          0.051443
           7.19020          0.051167
           7.20019          0.050692
           7.21020          0.050502
           7.22024          0.050272
           7.23031          0.050027
           7.24041          0.049985
           7.25054          0.049813
           7.26069          0.049552
           7.27088          0.049296
           7.28109          0.048912
           7.29133          0.048598
           7.30160          0.048508
           7.31190          0.048241
           7.32222          0.048011
           7.33258          0.047842
           7.34297          0.047492
           7.35338          0.047217
           7.36383          0.046947
           7.37430          0.046760
           7.38481          0.046604
           7.39534          0.046241
           7.40591          0.046038
           7.41650          0.045645
           7.42713          0.045083
           7.43778          0.044894
           7.44847          0.044755
           7.45919          0.044515
           7.46994          0.044350
           7.48071          0.044171
           7.49152          0.043652
           7.50237          0.043199
           7.51324          0.042902
           7.52414          0.042624
           7.53508          0.042461
           7.54605          0.042171
           7.55705          0.041827
           7.56808          0.041397
           7.57915          0.041098
           7.59024          0.040811
           7.60137          0.040373
           7.61253          0.040095
           7.62373          0.040032
           7.63496          0.039916
           7.64622          0.039638
           7.65751          0.039354
           7.66884          0.039007
           7.68020          0.038835
           7.69159          0.038469
           7.70302          0.038157
           7.71449          0.038052
           7.72598          0.037820
           7.73752          0.037517
           7.74908          0.037258
           7.76068          0.036944
           7.77232          0.036551
           7.78399          0.036257
           7.79569          0.036067
           7.80743          0.035749
           7.81921          0.035517
           7.83102          0.035218
           7.84287          0.034926
           7.85475          0.034638
           7.86667          0.034551
           7.87862          0.034368
           7.89062          0.034183
           7.90264          0.033938
           7.91471          0.033608
           7.92681          0.033316
           7.93895          0.033008
           7.95113          0.032816
           7.96334          0.032631
           7.97559          0.032417
           7.98788          0.032292
           8.00021          0.032098
           8.01257          0.031853
           8.02498          0.031639
           8.03742          0.031523
           8.04990          0.031471
           8.06242          0.031389
           8.07498          0.031483
           8.08757          0.031851
           8.10021          0.032065
           8.11289          0.032419
           8.12560          0.033108
           8.13836          0.033920
           8.15116          0.035229
           8.16399          0.037064
           8.17687          0.039468
           8.18979          0.042340
           8.20275          0.045745
           8.21575          0.049976
           8.22879          0.055140
           8.24187          0.060925
           8.25499          0.067349
           8.26816          0.074684
           8.28137          0.082741
           8.29462          0.090951
           8.30791          0.099517
           8.32124          0.108445
           8.33462          0.117267
           8.34804          0.125959
           8.36151          0.134563
           8.37502          0.142620
           8.38857          0.149887
           8.40216          0.157027
           8.41580          0.164500
           8.42949          0.172492
           8.44322          0.180420
           8.45699          0.187660
           8.47081          0.194199
           8.48467          0.199579
           8.49858          0.203776
           8.51254          0.207190
           8.52654          0.210540
           8.54058          0.213691
           8.55468          0.216451
           8.56882          0.219029
           8.58300          0.221426
           8.59724          0.223313
           8.61152          0.225144
           8.62585          0.226509
           8.64023          0.227570
           8.65465          0.228165
           8.66912          0.228741
           8.68364          0.229318
           8.69821          0.229764
           8.71283          0.229713
           8.72750          0.228598
           8.74222          0.226027
           8.75699          0.222584
           8.77180          0.218333
           8.78667          0.213060
           8.80159          0.207139
           8.81656          0.201192
           8.83158          0.195483
           8.84665          0.190093
           8.86177          0.184855
           8.87694          0.180074
           8.89217          0.176020
           8.90745          0.172329
           8.92278          0.168625
           8.93816          0.165490
           8.95360          0.162493
           8.96909          0.159855
           8.98464          0.157616
           9.00023          0.155455
           9.01589          0.153384
           9.03159          0.151038
           9.04736          0.148264
           9.06317          0.145338
           9.07905          0.142637
           9.09497          0.140189
           9.11096          0.137366
           9.12700          0.134598
           9.14310          0.132324
           9.15925          0.130636
           9.17546          0.130074
           9.19173          0.130932
           9.20806          0.133894
           9.22444          0.139857
           9.24088          0.147920
           9.25738          0.157277
           9.27394          0.167930
           9.29056          0.179971
           9.30724          0.193273
           9.32398          0.208007
           9.34078          0.222974
           9.35764          0.236885
           9.37457          0.248888
           9.39155          0.259530
           9.40859          0.269493
           9.42570          0.279227
           9.44287          0.288869
           9.46010          0.299694
           9.47740          0.311644
           9.49475          0.324921
           9.51217          0.338890
           9.52966          0.353077
           9.54721          0.366564
           9.56483          0.379491
           9.58250          0.390687
           9.60025          0.400381
           9.61806          0.408329
           9.63594          0.414419
           9.65388          0.418178
           9.67189          0.420807
           9.68997          0.422397
           9.70812          0.422707
           9.72633          0.422159
           9.74462          0.422290
           9.76297          0.424585
           9.78139          0.429145
           9.79988          0.432608
           9.81844          0.433574
           9.83707          0.433115
           9.85577          0.433418
           9.87454          0.434934
           9.89339          0.437882
           9.91230          0.441312
           9.93129          0.444693
           9.95036          0.448408
           9.96949          0.452553
           9.98870          0.456077
          10.00798          0.458387
          10.02734          0.459404
          10.04677          0.460907
          10.06628          0.464673
          10.08587          0.472355
          10.10553          0.484355
          10.12526          0.501318
          10.14508          0.522206
          10.16497          0.543451
          10.18494          0.559603
          10.20499          0.568848
          10.22512          0.572171
          10.24533          0.572577
          10.26561          0.571658
          10.28598          0.569865
          10.30643          0.566190
          10.32696          0.560972
          10.34757          0.555292
          10.36827          0.552362
          10.38905          0.554106
          10.40991          0.560680
          10.43086          0.569477
          10.45188          0.584951
          10.47300          0.614270
          10.49420          0.653544
          10.51549          0.690869
          10.53686          0.718619
          10.55832          0.732884
          10.57987          0.736205
          10.60150          0.733473
          10.62323          0.728670
          10.64504          0.721523
          10.66694          0.712897
          10.68894          0.704106
          10.71102          0.698300
          10.73320          0.695015
          10.75547          0.691496
          10.77783          0.683647
          10.80028          0.672568
          10.82283          0.661093
          10.84547          0.651165
          10.86821          0.641112
          10.89104          0.631068
          10.91397          0.623373
          10.93699          0.619296
          10.96012          0.615722
          10.98334          0.610461
          11.00666          0.602964
          11.03007          0.595313
          11.05359          0.588093
          11.07721          0.580016
          11.10093          0.570135
          11.12475          0.559551
          11.14868          0.549793
          11.17271          0.541007
          11.19684          0.531309
          11.22107          0.520821
          11.24541          0.509607
          11.26986          0.498165
          11.29441          0.486141
          11.31907          0.474322
          11.34384          0.462323
          11.36872          0.449458
          11.39370          0.435750
          11.41880          0.421122
          11.44401          0.404598
          11.46933          0.386620
          11.49476          0.367777
          11.52030          0.348760
          11.54596          0.330552
          11.57173          0.314599
          11.59762          0.300595
          11.62362          0.288956
          11.64974          0.279385
          11.67598          0.271621
          11.70234          0.264447
          11.72881          0.257536
          11.75541          0.251188
          11.78213          0.245387
          11.80896          0.238698
          11.83592          0.231738
          11.86301          0.225984
          11.89022          0.221540
          11.91755          0.218267
          11.94501          0.215809
          11.97260          0.212531
          12.00031          0.208845
          12.02816          0.204893
          12.05613          0.200500
          12.08423          0.196034
          12.11246          0.192334
          12.14083          0.189063
          12.16933          0.185749
          12.19796          0.181889
          12.22673          0.178138
          12.25564          0.174860
          12.28468          0.171997
          12.31386          0.168873
          12.34318          0.165780
          12.37264          0.162674
          12.40224          0.159621
          12.43198          0.156677
          12.46186          0.153850
          12.49189          0.150946
          12.52207          0.148076
          12.55238          0.145055
          12.58285          0.142240
          12.61347          0.139676
          12.64423          0.136806
          12.67515          0.134065
          12.70621          0.131414
          12.73743          0.128825
          12.76881          0.126330
          12.80033          0.124506
          12.83202          0.123509
          12.86386          0.123600
          12.89586          0.125052
          12.92802          0.127850
          12.96034          0.130923
          12.99282          0.132890
          13.02546          0.133804
          13.05827          0.133715
          13.09125          0.134473
          13.12439          0.138296
          13.15770          0.143297
          13.19118          0.146348
          13.22483          0.147015
          13.25866          0.144981
          13.29265          0.141683
          13.32683          0.138073
          13.36117          0.134184
          13.39570          0.130419
          13.43040          0.126673
          13.46529          0.123266
          13.50035          0.120583
          13.53560          0.118039
          13.57103          0.116710
          13.60665          0.116761
          13.64246          0.117408
          13.67846          0.118498
          13.71464          0.120059
          13.75102          0.120857
          13.78759          0.120175
          13.82436          0.118688
          13.86132          0.116759
          13.89849          0.113619
          13.93585          0.110553
          13.97341          0.107772
          14.01117          0.104708
          14.04915          0.101350
          14.08732          0.097924
          14.12571          0.094867
          14.16430          0.092367
          14.20311          0.090271
          14.24213          0.088893
          14.28136          0.088362
          14.32081          0.088353
          14.36049          0.088195
          14.40038          0.087713
          14.44049          0.086627
          14.48082          0.086210
          14.52139          0.087408
          14.56218          0.088257
          14.60320          0.088327
          14.64445          0.088300
          14.68593          0.088057
          14.72766          0.087508
          14.76962          0.086440
          14.81181          0.085229
          14.85425          0.084756
          14.89694          0.084895
          14.93987          0.085615
          14.98305          0.087444
          15.02648          0.090574
          15.07016          0.093621
          15.11410          0.094961
          15.15829          0.094666
          15.20274          0.095090
          15.24746          0.098283
          15.29243          0.105633
          15.33768          0.117497
          15.38319          0.133967
          15.42897          0.153852
          15.47503          0.175094
          15.52136          0.195380
          15.56797          0.213880
          15.61487          0.231236
          15.66204          0.246719
          15.70950          0.261144
          15.75725          0.276156
          15.80529          0.290228
          15.85362          0.302796
          15.90226          0.314588
          15.95119          0.325102
          16.00042          0.333384
          16.04995          0.338339
          16.09980          0.338230
          16.14995          0.332505
          16.20042          0.323298
          16.25121          0.311894
          16.30231          0.300947
          16.35374          0.294262
          16.40549          0.292825
          16.45757          0.294705
          16.50998          0.296616
          16.56273          0.296645
          16.61582          0.291893
          16.66924          0.282133
          16.72302          0.269482
          16.77714          0.256513
          16.83161          0.247771
          16.88643          0.243209
          16.94162          0.240165
          16.99716          0.237027
          17.05308          0.233174
          17.10936          0.229403
          17.16601          0.226870
          17.22304          0.225231
          17.28045          0.224760
          17.33824          0.225869
          17.39643          0.228469
          17.45500          0.234793
          17.51397          0.245127
          17.57334          0.257222
          17.63311          0.269279
          17.69329          0.279736
          17.75389          0.287543
          17.81490          0.292565
          17.87633          0.296289
          17.93818          0.300856
          18.00047          0.307739
          18.06319          0.318396
          18.12635          0.333357
          18.18995          0.350265
          18.25400          0.367456
          18.31850          0.384325
          18.38346          0.398198
          18.44888          0.406473
          18.51477          0.410666
          18.58113          0.412572
          18.64797          0.413730
          18.71529          0.414209
          18.78310          0.418283
          18.85140          0.427384
          18.92020          0.437229
          18.98951          0.444137
          19.05932          0.448443
          19.12965          0.448211
          19.20050          0.444273
          19.27188          0.438930
          19.34379          0.434125
          19.41624          0.428623
          19.48923          0.423256
          19.56277          0.415607
          19.63688          0.404419
          19.71154          0.391066
          19.78678          0.377370
          19.86259          0.364978
          19.93898          0.354665
          20.01596          0.341954
          20.09355          0.325729
          20.17173          0.307412
          20.25053          0.287244
          20.32994          0.266915
          20.40998          0.249343
          20.49065          0.235317
          20.57196          0.227104
          20.65392          0.219007
          20.73654          0.208274
          20.81982          0.197932
          20.90377          0.189861
          20.98840          0.186748
          21.07372          0.188403
          21.15973          0.193871
          21.24646          0.200681
          21.33389          0.204753
          21.42204          0.203250
          21.51093          0.193956
          21.60056          0.179784
          21.69094          0.165862
          21.78208          0.157201
          21.87399          0.154548
          21.96667          0.162065
          22.06015          0.181706
          22.15442          0.210674
          22.24951          0.244043
          22.34541          0.278306
          22.44214          0.311838
          22.53972          0.341923
          22.63814          0.365799
          22.73743          0.388667
          22.83760          0.410808
          22.93865          0.434591
          23.04060          0.460218
          23.14346          0.490955
          23.24724          0.520895
          23.35196          0.546493
          23.45763          0.562805
          23.56425          0.569834
          23.67185          0.572599
          23.78044          0.571290
          23.89002          0.566674
          24.00063          0.567936
          24.11226          0.564707
          24.22493          0.555274
          24.33866          0.541089
          24.45347          0.522719
          24.56936          0.506719
          24.68636          0.499440
          24.80447          0.490061
          24.92373          0.477658
          25.04413          0.465090
          25.16571          0.459506
          25.28846          0.460922
          25.41243          0.462133
          25.53761          0.446120
          25.66404          0.425638
          25.79172          0.406875
          25.92068          0.400113