           0.30000          0.486006
           0.30500          0.519508
           0.31000          0.542537
           0.31500          0.556795
           0.32000          0.574511
           0.32500          0.583719
           0.33000          0.594428
           0.33500          0.603894
           0.34000          0.612348
           0.34500          0.620917
           0.35000          0.629847
           0.35500          0.638140
           0.36000          0.645245
           0.36500          0.652185
           0.37000          0.658318
           0.37500          0.664007
           0.38000          0.670673
           0.38500          0.674592
           0.39000          0.680161
           0.39500          0.684158
           0.40000          0.684755
           0.40500          0.687967
           0.41000          0.691765
           0.41500          0.693648
           0.42000          0.695756
           0.42500          0.699978
           0.43000          0.703568
           0.43500          0.704614
           0.44000          0.709186
           0.44500          0.711440
           0.45000          0.713023
           0.45500          0.716282
           0.46000          0.717674
           0.46500          0.720012
           0.47000          0.721613
           0.47500          0.722397
           0.48000          0.723398
           0.48500          0.725810
           0.49000          0.725740
           0.49500          0.728859
           0.50000          0.728407
           0.50500          0.730161
           0.51000          0.730301
           0.51500          0.731564
           0.52000          0.731190
           0.52500          0.733049
           0.53000          0.733556
           0.53500          0.734518
           0.54000          0.734553
           0.54500          0.735947
           0.55000          0.735353
           0.55500          0.736220
           0.56000          0.736285
           0.56500          0.736896
           0.57000          0.736357
           0.57500          0.736785
           0.58000          0.736551
           0.58500          0.736032
           0.59000          0.735920
           0.59500          0.735886
           0.60000          0.735523
           0.60500          0.734692
           0.61000          0.734866
           0.61500          0.735031
           0.62000          0.735119
           0.62500          0.735016
           0.63000          0.735354
           0.63500          0.734322
           0.64000          0.736209
           0.64500          0.733120
           0.65000          0.733917
           0.65500          0.734715
           0.66000          0.734116
           0.66500          0.733944
           0.67000          0.734029
           0.67500          0.733515
           0.68000          0.732770
           0.68500          0.732588
           0.69000          0.732619
           0.69500          0.733333
           0.70000          0.732629
           0.70500          0.732700
           0.71000          0.732179
           0.71500          0.731761
           0.72000          0.732199
           0.72500          0.733207
           0.73000          0.733302
           0.73500          0.733230
           0.74000          0.733956
           0.74500          0.732587
           0.75000          0.732578
           0.75500          0.734250
           0.76000          0.734609
           0.76500          0.732246
           0.77000          0.734075
           0.77500          0.733747
           0.78000          0.733615
           0.78500          0.733915
           0.79000          0.735915
           0.79500          0.733466
           0.80000          0.733683
           0.80500          0.733642
           0.81000          0.733583
           0.81500          0.733628
           0.82000          0.733134
           0.82500          0.735010
           0.83000          0.735212
           0.83500          0.734902
           0.84000          0.733770
           0.84500          0.735009
           0.85000          0.734378
           0.85500          0.733591
           0.86000          0.734585
           0.86500          0.733734
           0.87000          0.735046
           0.87500          0.733993
           0.88000          0.734141
           0.88500          0.734276
           0.89000          0.734934
           0.89500          0.734528
           0.90000          0.734819
           0.90500          0.734095
           0.91000          0.734486
           0.91500          0.735216
           0.92000          0.734861
           0.92500          0.735271
           0.93000          0.736303
           0.93500          0.734894
           0.94000          0.735275
           0.94500          0.735494
           0.95000          0.735445
           0.95500          0.735879
           0.96000          0.735913
           0.96500          0.736373
           0.97000          0.735850
           0.97500          0.735811
           0.98000          0.736437
           0.98500          0.736806
           0.99000          0.736388
           0.99500          0.736183
           1.00000          0.735481
           1.00500          0.735421
           1.01000          0.735529
           1.01500          0.735647
           1.02000          0.735188
           1.02500          0.736399
           1.03000          0.736895
           1.03500          0.737052
           1.04000          0.736598
           1.04500          0.737335
           1.05000          0.737152
           1.05500          0.736956
           1.06000          0.737691
           1.06500          0.737387
           1.07000          0.737580
           1.07500          0.737996
           1.08000          0.738247
           1.08500          0.737935
           1.09000          0.738204
           1.09500          0.737840
           1.10000          0.738500
           1.10500          0.738467
           1.11000          0.738391
           1.11500          0.738557
           1.12000          0.738792
           1.12500          0.738285
           1.13000          0.737946
           1.13500          0.738324
           1.14000          0.738576
           1.14500          0.738912
           1.15000          0.738216
           1.15500          0.738522
           1.16000          0.738470
           1.16500          0.738379
           1.17000          0.738677
           1.17500          0.738603
           1.18000          0.739050
           1.18500          0.739096
           1.19000          0.739163
           1.19500          0.739515
           1.20000          0.739341
           1.20500          0.739167
           1.21000          0.739162
           1.21500          0.738659
           1.22000          0.739278
           1.22500          0.739146
           1.23000          0.740205
           1.23500          0.740035
           1.24000          0.740550
           1.24500          0.740143
           1.25000          0.740131
           1.25500          0.740435
           1.26000          0.740115
           1.26500          0.739659
           1.27000          0.738800
           1.27500          0.738329
           1.28000          0.736858
           1.28500          0.735034
           1.29000          0.734728
           1.29500          0.735489
           1.30000          0.735538
           1.30500          0.735427
           1.31000          0.735620
           1.31500          0.736938
           1.32000          0.736693
           1.32500          0.736885
           1.33000          0.736710
           1.33500          0.736568
           1.34000          0.737151
           1.34500          0.737010
           1.35000          0.735780
           1.35500          0.737100
           1.36000          0.736944
           1.36500          0.734332
           1.37000          0.734612
           1.37500          0.734910
           1.38000          0.736551
           1.38500          0.732182
           1.39000          0.733708
           1.39500          0.735696
           1.40000          0.733469
           1.40500          0.731858
           1.41000          0.732072
           1.41500          0.731083
           1.42000          0.729893
           1.42500          0.728664
           1.43000          0.727042
           1.43500          0.723109
           1.44000          0.724262
           1.44500          0.725491
           1.45000          0.722686
           1.45500          0.720120
           1.46000          0.716594
           1.46500          0.710307
           1.47000          0.697103
           1.47500          0.662750
           1.48000          0.644132
           1.48500          0.660941
           1.49000          0.698876
           1.49500          0.716176
           1.50000          0.722956
           1.50500          0.726025
           1.51000          0.727237
           1.51500          0.729692
           1.52000          0.731768
           1.52500          0.732673
           1.53000          0.733048
           1.53500          0.735017
           1.54000          0.733280
           1.54500          0.733075
           1.55000          0.735224
           1.55500          0.735101
           1.56000          0.735763
           1.56500          0.736055
           1.57000          0.736076
           1.57500          0.736689
           1.58000          0.736425
           1.58500          0.736129
           1.59000          0.737047
           1.59500          0.737651
           1.60000          0.735289
           1.60500          0.735303
           1.61000          0.736633
           1.61500          0.737366
           1.62000          0.736784
           1.62500          0.736621
           1.63000          0.736385
           1.63500          0.736817
           1.64000          0.737177
           1.64500          0.737369
           1.65000          0.736859
           1.65500          0.737896
           1.66000          0.736981
           1.66500          0.736026
           1.67000          0.736139
           1.67500          0.736371
           1.68000          0.736198
           1.68500          0.736710
           1.69000          0.736317
           1.69500          0.736296
           1.70000          0.736407
           1.70500          0.736594
           1.71000          0.736633
           1.71500          0.736295
           1.72000          0.736190
           1.72500          0.735892
           1.73000          0.735365
           1.73500          0.734657
           1.74000          0.734471
           1.74500          0.734531
           1.75000          0.734746
           1.75500          0.734471
           1.76000          0.735143
           1.76500          0.735239
           1.77000          0.735033
           1.77500          0.735030
           1.78000          0.735571
           1.78500          0.735408
           1.79000          0.735684
           1.79500          0.735480
           1.80000          0.735411
           1.80500          0.735141
           1.81000          0.734724
           1.81500          0.734177
           1.82000          0.733512
           1.82500          0.732203
           1.83000          0.731847
           1.83500          0.731869
           1.84000          0.730486
           1.84500          0.728641
           1.85000          0.729694
           1.85500          0.729134
           1.86000          0.728821
           1.86500          0.728567
           1.87000          0.730832
           1.87500          0.720531
           1.88000          0.716979
           1.88500          0.719298
           1.89000          0.720169
           1.89500          0.718744
           1.90000          0.717668
           1.90500          0.712102
           1.91000          0.709484
           1.91500          0.709983
           1.92000          0.710291
           1.92500          0.709387
           1.93000          0.709180
           1.93500          0.709467
           1.94000          0.709553
           1.94500          0.710912
           1.95000          0.711669
           1.95500          0.713490
           1.96000          0.714495
           1.96500          0.716012
           1.97000          0.716702
           1.97500          0.717657
           1.98000          0.718034
           1.98500          0.718404
           1.99000          0.718337
           1.99500          0.718856
           2.00000          0.719393
           2.00500          0.719883
           2.01000          0.720558
           2.01500          0.721450
           2.02000          0.721462
           2.02500          0.722169
           2.03000          0.723091
           2.03500          0.723482
           2.04000          0.724449
           2.04500          0.725035
           2.05000          0.725309
           2.05500          0.725676
           2.06000          0.725470
           2.06500          0.725814
           2.07000          0.725765
           2.07500          0.726225
           2.08000          0.725996
           2.08500          0.726310
           2.09000          0.725584
           2.09500          0.725251
           2.10000          0.723990
           2.10500          0.722942
           2.11000          0.722668
           2.11500          0.721701
           2.12000          0.721344
           2.12500          0.721240
           2.13000          0.721581
           2.13500          0.720894
           2.14000          0.720348
           2.14500          0.719410
           2.15000          0.718158
           2.15500          0.717460
           2.16000          0.716375
           2.16500          0.715301
           2.17000          0.713661
           2.17500          0.711605
           2.18000          0.710022
           2.18500          0.708593
           2.19000          0.706841
           2.19500          0.704732
           2.20000          0.699313
           2.20500          0.692819
           2.21000          0.681601
           2.21500          0.665454
           2.22000          0.647939
           2.22500          0.634462
           2.23000          0.619949
           2.23500          0.608710
           2.24000          0.611224
           2.24500          0.624954
           2.25000          0.639764
           2.25500          0.650598
           2.26000          0.656144
           2.26500          0.656706
           2.27000          0.650842
           2.27500          0.638360
           2.28000          0.623996
           2.28500          0.616971
           2.29000          0.617490
           2.29500          0.621101
           2.30000          0.629751
           2.30500          0.647850
           2.31000          0.659276
           2.31500          0.651990
           2.32000          0.622130
           2.32500          0.566003
           2.33000          0.502880
           2.33500          0.458808
           2.34000          0.438045
           2.34500          0.427444
           2.35000          0.415528
           2.35500          0.396838
           2.36000          0.391213
           2.36500          0.409650
           2.37000          0.442536
           2.37500          0.469973
           2.38000          0.477740
           2.38500          0.474711
           2.39000          0.473489
           2.39500          0.484133
           2.40000          0.507815
           2.40500          0.528627
           2.41000          0.541640
           2.41500          0.553541
           2.42000          0.566005
           2.42500          0.580129
           2.43000          0.591228
           2.43500          0.598801
           2.44000          0.606542
           2.44500          0.611822
           2.45000          0.607331
           2.45500          0.599637
           2.46000          0.593727
           2.46500          0.585592
           2.47000          0.574722
           2.47500          0.566360
           2.48000          0.564126
           2.48500          0.569615
           2.49000          0.573886
           2.49500          0.573364
           2.50000          0.571173
           2.50500          0.569136
           2.51000          0.564708
           2.51500          0.560157
           2.52000          0.546529
           2.52500          0.529997
           2.53000          0.518699
           2.53500          0.515904
           2.54000          0.520393
           2.54500          0.529997
           2.55000          0.529998
           2.55250          0.529306
           2.55376          0.528534
           2.55502          0.526997
           2.55628          0.525911
           2.55754          0.526172
           2.55880          0.526499
           2.56007          0.525457
           2.56133          0.521280
           2.56260          0.520116
           2.56386          0.522377
           2.56513          0.521793
           2.56640          0.519721
           2.56767          0.517658
           2.56895          0.515686
           2.57022          0.515662
           2.57150          0.516259
           2.57277          0.513470
           2.57405          0.510874
           2.57533          0.512876
           2.57661          0.510154
           2.57789          0.508975
           2.57917          0.510909
           2.58046          0.510682
           2.58174          0.511695
           2.58303          0.513973
           2.58431          0.512517
           2.58560          0.515069
           2.58689          0.516947
           2.58819          0.516913
           2.58948          0.518803
           2.59077          0.518007
           2.59207          0.518223
           2.59336          0.517992
           2.59466          0.515097
           2.59596          0.517318
           2.59726          0.521569
           2.59856          0.519460
           2.59987          0.517023
           2.60117          0.516934
           2.60248          0.516693
           2.60378          0.516153
           2.60509          0.515202
           2.60640          0.514125
           2.60771          0.515143
           2.60903          0.513905
           2.61034          0.513276
           2.61166          0.513827
           2.61297          0.513508
           2.61429          0.513567
           2.61561          0.514389
           2.61693          0.513463
           2.61825          0.516499
           2.61957          0.517942
           2.62090          0.516140
           2.62222          0.519986
           2.62355          0.520435
           2.62488          0.521839
           2.62621          0.525078
           2.62754          0.527685
           2.62887          0.530179
           2.63021          0.528245
           2.63154          0.531090
           2.63288          0.535992
           2.63421          0.533890
           2.63555          0.534337
           2.63689          0.536375
           2.63824          0.537183
           2.63958          0.538716
           2.64092          0.540484
           2.64227          0.541276
           2.64362          0.542036
           2.64497          0.542908
           2.64632          0.542087
           2.64767          0.542406
           2.64902          0.542060
           2.65038          0.541289
           2.65173          0.539556
           2.65309          0.537572
           2.65445          0.537994
           2.65581          0.535479
           2.65717          0.532824
           2.65853          0.532559
           2.65989          0.530563
           2.66126          0.529500
           2.66263          0.528126
           2.66400          0.525100
           2.66536          0.520019
           2.66674          0.520270
           2.66811          0.522334
           2.66948          0.521878
           2.67086          0.516142
           2.67223          0.518530
           2.67361          0.518184
           2.67499          0.512868
           2.67637          0.510475
           2.67776          0.510562
           2.67914          0.510139
           2.68052          0.508192
           2.68191          0.507555
           2.68330          0.504472
           2.68469          0.503300
           2.68608          0.502695
           2.68747          0.500949
           2.68887          0.499734
           2.69026          0.498456
           2.69166          0.496528
           2.69306          0.493977
           2.69446          0.492919
           2.69586          0.493469
           2.69726          0.491845
           2.69866          0.489706
           2.70007          0.487361
           2.70148          0.485740
           2.70289          0.484595
           2.70430          0.483401
           2.70571          0.480951
           2.70712          0.478847
           2.70853          0.475400
           2.70995          0.472284
           2.71137          0.468630
           2.71279          0.467295
           2.71421          0.465159
           2.71563          0.460741
           2.71705          0.456862
           2.71848          0.453458
           2.71990          0.449739
           2.72133          0.447254
           2.72276          0.446538
           2.72419          0.440027
           2.72562          0.435508
           2.72706          0.433454
           2.72849          0.428284
           2.72993          0.423224
           2.73137          0.418862
           2.73281          0.413497
           2.73425          0.407297
           2.73569          0.402920
           2.73714          0.399531
           2.73858          0.394222
           2.74003          0.388763
           2.74148          0.384013
           2.74293          0.379105
           2.74438          0.375078
           2.74583          0.370550
           2.74729          0.365511
           2.74875          0.361009
           2.75020          0.356487
           2.75166          0.351296
           2.75313          0.346969
           2.75459          0.342645
           2.75605          0.337219
           2.75752          0.334356
           2.75899          0.329437
           2.76046          0.323311
           2.76193          0.319017
           2.76340          0.315001
           2.76487          0.311869
           2.76635          0.309095
           2.76782          0.305491
           2.76930          0.302258
           2.77078          0.298514
           2.77226          0.294327
           2.77375          0.291302
           2.77523          0.288089
           2.77672          0.284775
           2.77821          0.281627
           2.77970          0.278532
           2.78119          0.275639
           2.78268          0.273758
           2.78418          0.271206
           2.78567          0.268595
           2.78717          0.267104
           2.78867          0.265886
           2.79017          0.265155
           2.79167          0.263331
           2.79318          0.261704
           2.79468          0.261542
           2.79619          0.261880
           2.79770          0.262548
           2.79921          0.261888
           2.80072          0.260691
           2.80224          0.259611
           2.80375          0.258846
           2.80527          0.258819
           2.80679          0.259154
           2.80831          0.259487
           2.80983          0.259873
           2.81135          0.259521
           2.81288          0.258311
           2.81441          0.257466
           2.81593          0.256750
           2.81746          0.255572
           2.81900          0.254102
           2.82053          0.252030
           2.82207          0.250451
           2.82360          0.248462
           2.82514          0.245987
           2.82668          0.242659
           2.82822          0.238661
           2.82977          0.234442
           2.83131          0.229128
           2.83286          0.223674
           2.83441          0.217833
           2.83596          0.210413
           2.83751          0.202335
           2.83907          0.192751
           2.84062          0.181799
           2.84218          0.170370
           2.84374          0.159451
           2.84530          0.148631
           2.84686          0.136875
           2.84843          0.124916
           2.84999          0.114658
           2.85156          0.105711
           2.85313          0.098521
           2.85470          0.091216
           2.85627          0.085448
           2.85785          0.080948
           2.85942          0.076434
           2.86100          0.073243
           2.86258          0.071382
           2.86416          0.069065
           2.86575          0.065593
           2.86733          0.062257
           2.86892          0.061219
           2.87051          0.061606
           2.87210          0.061801
           2.87369          0.060962
           2.87528          0.060082
           2.87688          0.062016
           2.87848          0.066266
           2.88007          0.071009
           2.88168          0.075666
           2.88328          0.080821
           2.88488          0.085859
           2.88649          0.090638
           2.88810          0.096173
           2.88971          0.101746
           2.89132          0.107822
           2.89293          0.114123
           2.89455          0.119453
           2.89616          0.124702
           2.89778          0.130888
           2.89940          0.137715
           2.90103          0.144814
           2.90265          0.151250
           2.90428          0.157624
           2.90591          0.163208
           2.90754          0.167584
           2.90917          0.172972
           2.91080          0.178920
           2.91244          0.185590
           2.91407          0.192311
           2.91571          0.198076
           2.91735          0.203202
           2.91899          0.207835
           2.92064          0.211458
           2.92229          0.216177
           2.92393          0.220236
           2.92558          0.222583
           2.92724          0.225179
           2.92889          0.227826
           2.93055          0.229504
           2.93220          0.231098
           2.93386          0.231932
           2.93552          0.232224
           2.93719          0.232121
           2.93885          0.231897
           2.94052          0.231460
           2.94219          0.230839
           2.94386          0.229639
           2.94553          0.227734
           2.94721          0.226289
           2.94888          0.224758
           2.95056          0.223545
           2.95224          0.222367
           2.95392          0.221589
           2.95561          0.221056
           2.95729          0.220721
           2.95898          0.220864
           2.96067          0.221224
           2.96236          0.222307
           2.96406          0.223380
           2.96575          0.224361
           2.96745          0.225376
           2.96915          0.225792
           2.97085          0.226886
           2.97255          0.228342
           2.97426          0.229704
           2.97597          0.230215
           2.97768          0.229895
           2.97939          0.230128
           2.98110          0.230490
           2.98282          0.230803
           2.98453          0.232149
           2.98625          0.233216
           2.98797          0.233994
           2.98970          0.233996
           2.99142          0.235003
           2.99315          0.236635
           2.99488          0.237603
           2.99661          0.238893
           2.99834          0.239748
           3.00008          0.240776
           3.00182          0.242309
           3.00355          0.243605
           3.00530          0.244481
           3.00704          0.245771
           3.00878          0.247396
           3.01053          0.249078
           3.01228          0.250882
           3.01403          0.253511
           3.01579          0.256102
           3.01754          0.258214
           3.01930          0.260199
           3.02106          0.262299
           3.02282          0.264506
           3.02458          0.266202
           3.02635          0.267480
           3.02812          0.268672
           3.02989          0.270138
           3.03166          0.271038
           3.03343          0.272389
           3.03521          0.273396
           3.03699          0.273960
           3.03877          0.275042
           3.04055          0.275916
           3.04233          0.276538
           3.04412          0.277210
           3.04591          0.277283
           3.04770          0.277445
           3.04949          0.277843
           3.05129          0.278920
           3.05308          0.279575
           3.05488          0.280236
           3.05668          0.281284
           3.05849          0.281397
           3.06029          0.281392
           3.06210          0.282425
           3.06391          0.283226
           3.06572          0.283723
           3.06754          0.284537
           3.06935          0.284540
           3.07117          0.285501
           3.07299          0.286758
           3.07481          0.286619
           3.07664          0.286117
           3.07847          0.286619
           3.08029          0.286946
           3.08213          0.286419
           3.08396          0.287060
           3.08579          0.287741
           3.08763          0.288006
           3.08947          0.287879
           3.09131          0.287633
           3.09316          0.287471
           3.09501          0.286860
           3.09685          0.287374
           3.09871          0.288556
           3.10056          0.288829
           3.10241          0.289297
           3.10427          0.289924
           3.10613          0.290326
           3.10799          0.290299
           3.10986          0.290478
           3.11173          0.290688
           3.11359          0.291141
           3.11547          0.291595
           3.11734          0.292015
           3.11921          0.292778
           3.12109          0.294235
           3.12297          0.295050
           3.12486          0.295721
           3.12674          0.297015
           3.12863          0.297795
           3.13052          0.298574
           3.13241          0.299394
           3.13430          0.300621
           3.13620          0.301840
           3.13810          0.302429
           3.14000          0.303106
           3.14190          0.304205
           3.14381          0.304787
           3.14571          0.305335
           3.14762          0.306034
           3.14954          0.306446
           3.15145          0.307055
           3.15337          0.307402
           3.15529          0.307525
           3.15721          0.308285
           3.15913          0.308617
           3.16106          0.308658
           3.16299          0.309157
           3.16492          0.308934
           3.16685          0.308720
           3.16879          0.308649
           3.17072          0.308693
           3.17267          0.309292
           3.17461          0.309046
           3.17655          0.308761
           3.17850          0.309303
           3.18045          0.309228
           3.18240          0.309212
           3.18436          0.309844
           3.18632          0.309752
           3.18827          0.309706
           3.19024          0.309979
           3.19220          0.311043
           3.19417          0.312474
           3.19614          0.313225
           3.19811          0.313737
           3.20008          0.314757
           3.20206          0.315171
           3.20404          0.316497
           3.20602          0.317662
           3.20800          0.318156
           3.20999          0.319225
           3.21198          0.320434
           3.21397          0.321478
           3.21596          0.322843
           3.21796          0.324220
           3.21996          0.325125
           3.22196          0.326057
           3.22396          0.326508
           3.22597          0.326739
           3.22798          0.327355
           3.22999          0.327632
           3.23200          0.328486
           3.23402          0.329320
           3.23604          0.329348
           3.23806          0.330155
           3.24008          0.330993
           3.24211          0.331049
           3.24414          0.331717
           3.24617          0.332566
           3.24820          0.333311
           3.25024          0.333988
           3.25228          0.335064
           3.25432          0.335496
           3.25637          0.335983
           3.25841          0.336390
           3.26046          0.336437
           3.26251          0.337003
           3.26457          0.338087
           3.26663          0.338440
           3.26869          0.339044
           3.27075          0.339281
           3.27281          0.339567
           3.27488          0.340807
           3.27695          0.341424
           3.27902          0.341193
           3.28110          0.341871
           3.28318          0.342263
           3.28526          0.342366
           3.28734          0.342596
           3.28943          0.342538
           3.29151          0.342536
           3.29361          0.342958
           3.29570          0.343374
           3.29780          0.344249
           3.29990          0.345200
           3.30200          0.345721
           3.30410          0.345929
           3.30621          0.346113
           3.30832          0.346462
           3.31043          0.347593
           3.31255          0.348271
           3.31466          0.348504
           3.31679          0.348779
           3.31891          0.348647
           3.32103          0.348911
           3.32316          0.349419
           3.32529          0.350070
           3.32743          0.350532
           3.32957          0.350719
           3.33171          0.351377
           3.33385          0.352486
           3.33599          0.352920
           3.33814          0.353618
           3.34029          0.354381
           3.34245          0.354823
           3.34460          0.355546
           3.34676          0.356497
           3.34892          0.357013
           3.35109          0.357602
           3.35326          0.359020
           3.35543          0.359598
           3.35760          0.359795
           3.35978          0.360503
           3.36196          0.360940
           3.36414          0.361635
           3.36632          0.362721
           3.36851          0.363589
           3.37070          0.363953
           3.37289          0.363871
           3.37509          0.364185
           3.37729          0.365712
           3.37949          0.366681
           3.38169          0.367005
           3.38390          0.367214
           3.38611          0.368003
           3.38832          0.369026
           3.39054          0.369161
           3.39276          0.369264
           3.39498          0.369825
           3.39721          0.370306
           3.39943          0.370882
           3.40166          0.371441
           3.40390          0.371998
           3.40613          0.372320
           3.40837          0.372660
           3.41061          0.373326
           3.41286          0.374164
           3.41511          0.374774
           3.41736          0.375231
           3.41961          0.376002
           3.42187          0.376314
           3.42413          0.376577
           3.42639          0.376706
           3.42866          0.377462
           3.43093          0.378278
           3.43320          0.378451
           3.43548          0.378044
           3.43776          0.378117
           3.44004          0.379151
           3.44232          0.379865
           3.44461          0.379680
           3.44690          0.379869
           3.44919          0.380990
           3.45149          0.381310
           3.45379          0.380709
           3.45609          0.380909
           3.45840          0.382030
           3.46070          0.382527
           3.46302          0.382371
           3.46533          0.383012
           3.46765          0.383624
           3.46997          0.383803
           3.47229          0.383743
           3.47462          0.383595
           3.47695          0.383484
           3.47929          0.383990
           3.48162          0.384568
           3.48396          0.385146
           3.48630          0.385615
           3.48865          0.385999
           3.49100          0.386286
           3.49335          0.386413
           3.49571          0.386529
           3.49807          0.386766
           3.50043          0.387318
           3.50279          0.387953
           3.50516          0.388503
           3.50753          0.388730
           3.50991          0.389301
           3.51229          0.389197
           3.51467          0.388404
           3.51705          0.387844
           3.51944          0.387890
           3.52183          0.387811
           3.52423          0.387738
           3.52662          0.387738
           3.52902          0.387623
           3.53143          0.387901
           3.53383          0.388501
           3.53624          0.388557
           3.53866          0.388782
           3.54108          0.389093
           3.54350          0.389717
           3.54592          0.390140
           3.54835          0.390110
           3.55078          0.390597
           3.55321          0.391111
           3.55565          0.391242
           3.55809          0.391294
           3.56053          0.391151
           3.56298          0.391542
           3.56543          0.392328
           3.56788          0.392386
           3.57034          0.392256
           3.57280          0.392417
           3.57527          0.392339
           3.57773          0.392575
           3.58020          0.392785
           3.58268          0.392804
           3.58516          0.392953
           3.58764          0.393191
           3.59012          0.392741
           3.59261          0.392741
           3.59510          0.392836
           3.59760          0.392523
           3.60009          0.392563
           3.60260          0.392810
           3.60510          0.393169
           3.60761          0.393595
           3.61012          0.393925
           3.61264          0.393965
           3.61516          0.394641
           3.61768          0.395624
           3.62021          0.395997
           3.62274          0.396124
           3.62527          0.396719
           3.62781          0.397285
           3.63035          0.397756
           3.63289          0.398288
           3.63544          0.398774
           3.63799          0.399130
           3.64054          0.400001
           3.64310          0.400436
           3.64566          0.400347
           3.64823          0.400493
           3.65080          0.400952
           3.65337          0.400997
           3.65595          0.401178
           3.65853          0.401284
           3.66111          0.401303
           3.66370          0.401857
           3.66629          0.402235
           3.66889          0.402354
           3.67148          0.402567
           3.67409          0.403332
           3.67669          0.404085
           3.67930          0.404453
           3.68191          0.404715
           3.68453          0.405125
           3.68715          0.405509
           3.68978          0.406252
           3.69240          0.406713
           3.69504          0.407653
           3.69767          0.408858
           3.70031          0.409775
           3.70295          0.410036
           3.70560          0.410344
           3.70825          0.410779
           3.71091          0.411430
           3.71356          0.411778
           3.71623          0.412244
           3.71889          0.412729
           3.72156          0.412897
           3.72423          0.412554
           3.72691          0.412363
           3.72959          0.412094
           3.73228          0.411871
           3.73497          0.412327
           3.73766          0.412918
           3.74036          0.413153
           3.74306          0.413335
           3.74576          0.413812
           3.74847          0.414488
           3.75118          0.415125
           3.75390          0.416307
           3.75662          0.417567
           3.75934          0.418460
           3.76207          0.419142
           3.76480          0.419629
           3.76754          0.420653
           3.77028          0.421698
           3.77302          0.422582
           3.77577          0.423167
           3.77852          0.423740
           3.78128          0.424364
           3.78404          0.424811
           3.78680          0.425424
           3.78957          0.425936
           3.79234          0.426267
           3.79512          0.426469
           3.79790          0.426336
           3.80069          0.426583
           3.80347          0.427128
           3.80627          0.427580
           3.80906          0.427965
           3.81186          0.428209
           3.81467          0.428171
           3.81748          0.428398
           3.82029          0.428571
           3.82311          0.428678
           3.82593          0.429003
           3.82876          0.428981
           3.83159          0.428527
           3.83442          0.428363
           3.83726          0.428490
           3.84010          0.428938
           3.84295          0.429140
           3.84580          0.429452
           3.84865          0.429892
           3.85151          0.429870
           3.85438          0.429978
           3.85724          0.430392
           3.86012          0.431023
           3.86299          0.431302
           3.86587          0.431555
           3.86876          0.432044
           3.87165          0.432102
           3.87454          0.431663
           3.87744          0.431374
           3.88034          0.431185
           3.88325          0.431018
           3.88616          0.431248
           3.88907          0.432936
           3.89199          0.435700
           3.89492          0.438071
           3.89785          0.439506
           3.90078          0.440764
           3.90372          0.442012
           3.90666          0.442878
           3.90960          0.443966
           3.91255          0.444787
           3.91551          0.445617
           3.91847          0.446283
           3.92143          0.446911
           3.92440          0.447556
           3.92738          0.448316
           3.93035          0.448945
           3.93333          0.449148
           3.93632          0.449583
           3.93931          0.449961
           3.94231          0.450093
           3.94531          0.450408
           3.94831          0.450978
           3.95132          0.451365
           3.95434          0.451659
           3.95735          0.452008
           3.96038          0.451911
           3.96341          0.451646
           3.96644          0.451573
           3.96948          0.451679
           3.97252          0.452118
           3.97556          0.452867
           3.97861          0.453196
           3.98167          0.453105
           3.98473          0.453686
           3.98780          0.454386
           3.99087          0.454836
           3.99394          0.455231
           3.99702          0.455439
           4.00010          0.455906
           4.00319          0.456123
           4.00629          0.456241
           4.00939          0.456714
           4.01249          0.457051
           4.01560          0.457436
           4.01871          0.457865
           4.02183          0.458164
           4.02495          0.458572
           4.02808          0.459226
           4.03121          0.459515
           4.03435          0.459764
           4.03749          0.460190
           4.04064          0.460795
           4.04379          0.461168
           4.04694          0.461735
           4.05011          0.462516
           4.05327          0.462862
           4.05644          0.462798
           4.05962          0.463060
           4.06280          0.463772
           4.06599          0.464423
           4.06918          0.464627
           4.07238          0.464989
           4.07558          0.465367
           4.07878          0.465636
           4.08200          0.465859
           4.08521          0.465937
           4.08843          0.466074
           4.09166          0.466391
           4.09489          0.466976
           4.09813          0.467463
           4.10137          0.467471
           4.10462          0.467922
           4.10787          0.468409
           4.11113          0.468779
           4.11439          0.468987
           4.11766          0.469432
           4.12093          0.469386
           4.12421          0.469235
           4.12750          0.469578
           4.13079          0.469905
           4.13408          0.470348
           4.13738          0.470762
           4.14068          0.471158
           4.14399          0.471459
           4.14731          0.471490
           4.15063          0.471582
           4.15395          0.471613
           4.15729          0.471710
           4.16062          0.472417
           4.16396          0.473203
           4.16731          0.473311
           4.17066          0.473343
           4.17402          0.473601
           4.17739          0.474057
           4.18075          0.474232
           4.18413          0.474343
           4.18751          0.474583
           4.19089          0.474848
           4.19428          0.475156
           4.19768          0.475657
           4.20108          0.476061
           4.20449          0.476488
           4.20790          0.476997
           4.21132          0.477560
           4.21474          0.478104
           4.21817          0.478179
           4.22161          0.478636
           4.22505          0.478942
           4.22850          0.478727
           4.23195          0.478868
           4.23540          0.479432
           4.23887          0.479014
           4.24234          0.479197
           4.24581          0.479301
           4.24929          0.478925
           4.25278          0.478188
           4.25627          0.477809
           4.25977          0.478890
           4.26327          0.480946
           4.26678          0.481394
           4.27029          0.480673
           4.27381          0.480483
           4.27734          0.480583
           4.28087          0.480557
           4.28441          0.480567
           4.28795          0.481183
           4.29150          0.481296
           4.29506          0.480953
           4.29862          0.481008
           4.30219          0.480784
           4.30576          0.480778
           4.30934          0.481251
           4.31292          0.481489
           4.31652          0.481608
           4.32011          0.481605
           4.32372          0.481553
           4.32732          0.481989
           4.33094          0.482523
           4.33456          0.482761
           4.33819          0.483101
           4.34182          0.483520
           4.34546          0.483739
           4.34911          0.483542
           4.35276          0.484190
           4.35642          0.484949
           4.36008          0.485193
           4.36375          0.485138
           4.36743          0.485390
           4.37111          0.485657
           4.37480          0.486011
           4.37849          0.486273
           4.38219          0.486586
           4.38590          0.486848
           4.38961          0.487137
           4.39333          0.487467
           4.39706          0.487529
           4.40079          0.487729
           4.40453          0.487991
           4.40828          0.488083
           4.41203          0.488466
           4.41579          0.488593
           4.41955          0.488960
           4.42332          0.489298
           4.42710          0.489480
           4.43088          0.489728
           4.43468          0.490244
           4.43847          0.490338
           4.44228          0.490385
           4.44608          0.490290
           4.44990          0.490236
           4.45372          0.490385
           4.45755          0.490476
           4.46139          0.490095
           4.46523          0.489839
           4.46908          0.489725
           4.47294          0.489550
           4.47680          0.489418
           4.48067          0.489068
           4.48455          0.488787
           4.48843          0.488821
           4.49232          0.488947
           4.49621          0.489096
           4.50012          0.488921
           4.50403          0.488687
           4.50794          0.488764
           4.51187          0.488914
           4.51580          0.488910
           4.51973          0.488990
           4.52368          0.488860
           4.52763          0.488591
           4.53159          0.488610
           4.53555          0.488707
           4.53952          0.488683
           4.54350          0.488660
           4.54749          0.488787
           4.55148          0.489191
           4.55548          0.489355
           4.55949          0.489498
           4.56350          0.489480
           4.56752          0.489428
           4.57155          0.489550
           4.57558          0.489915
           4.57963          0.490189
           4.58367          0.490155
           4.58773          0.490247
           4.59179          0.490271
           4.59586          0.490131
           4.59994          0.490063
           4.60403          0.489625
           4.60812          0.489385
           4.61222          0.488972
           4.61633          0.488320
           4.62044          0.487672
           4.62456          0.487632
           4.62869          0.487777
           4.63283          0.487950
           4.63697          0.488021
           4.64112          0.488272
           4.64528          0.488721
           4.64945          0.488861
           4.65362          0.489225
           4.65780          0.489701
           4.66199          0.489828
           4.66619          0.489985
           4.67039          0.490074
           4.67460          0.489984
           4.67882          0.489687
           4.68305          0.489195
           4.68728          0.488848
           4.69152          0.488729
           4.69577          0.488504
           4.70003          0.487977
           4.70430          0.487315
           4.70857          0.486829
           4.71285          0.486273
           4.71714          0.485864
           4.72143          0.485430
           4.72574          0.485025
           4.73005          0.484385
           4.73437          0.483390
           4.73870          0.482212
           4.74303          0.481188
           4.74738          0.480213
           4.75173          0.479127
           4.75609          0.478096
           4.76045          0.477048
           4.76483          0.475740
           4.76921          0.474549
           4.77360          0.473765
           4.77800          0.473552
           4.78241          0.473608
           4.78683          0.474109
           4.79125          0.474953
           4.79568          0.475842
           4.80013          0.476588
           4.80457          0.477205
           4.80903          0.477442
           4.81350          0.477582
           4.81797          0.477885
           4.82245          0.478179
           4.82694          0.477990
           4.83144          0.478082
           4.83595          0.478179
           4.84046          0.477998
           4.84499          0.477758
           4.84952          0.477466
           4.85406          0.477258
           4.85861          0.476863
           4.86317          0.476493
           4.86773          0.476118
           4.87231          0.475235
           4.87689          0.474433
           4.88148          0.473787
           4.88608          0.473042
           4.89069          0.472269
           4.89531          0.471644
           4.89994          0.470810
           4.90457          0.469876
           4.90922          0.468729
           4.91387          0.467292
           4.91853          0.465729
           4.92321          0.463864
           4.92788          0.461866
           4.93257          0.459977
           4.93727          0.457943
           4.94198          0.456101
           4.94669          0.454183
           4.95142          0.452667
           4.95615          0.451297
           4.96090          0.449915
           4.96565          0.448818
           4.97041          0.447996
           4.97518          0.447059
           4.97996          0.446060
           4.98475          0.445490
           4.98954          0.444850
           4.99435          0.443988
           4.99917          0.443205
           5.00399          0.442474
           5.00883          0.441670
           5.01367          0.440668
           5.01852          0.439373
           5.02339          0.438199
           5.02826          0.437245
           5.03314          0.436269
           5.03803          0.435467
           5.04293          0.434800
           5.04784          0.434289
           5.05276          0.433671
           5.05769          0.432918
           5.06263          0.431867
           5.06758          0.430631
           5.07254          0.429221
           5.07751          0.427522
           5.08249          0.425520
           5.08747          0.423435
           5.09247          0.421064
           5.09748          0.418827
           5.10250          0.416746
           5.10752          0.414913
           5.11256          0.413516
           5.11761          0.413067
           5.12266          0.413548
           5.12773          0.414675
           5.13281          0.416595
           5.13789          0.418689
           5.14299          0.420421
           5.14810          0.422263
           5.15322          0.423972
           5.15834          0.425370
           5.16348          0.426361
           5.16863          0.426802
           5.17379          0.426926
           5.17896          0.426837
           5.18413          0.426493
           5.18932          0.425937
           5.19452          0.424796
           5.19973          0.423657
           5.20496          0.422427
           5.21019          0.420837
           5.21543          0.419026
           5.22068          0.416973
           5.22594          0.414556
           5.23122          0.411792
           5.23650          0.408486
           5.24179          0.404830
           5.24710          0.400659
           5.25242          0.396119
           5.25774          0.391427
           5.26308          0.386707
           5.26843          0.382204
           5.27379          0.377739
           5.27916          0.373630
           5.28454          0.370288
           5.28993          0.367122
           5.29534          0.363939
           5.30075          0.360773
           5.30618          0.357640
           5.31161          0.354538
           5.31706          0.351578
           5.32252          0.348965
           5.32799          0.346304
           5.33347          0.343433
           5.33896          0.340747
           5.34447          0.338495
           5.34998          0.336490
           5.35551          0.334553
           5.36105          0.332484
           5.36660          0.330580
           5.37216          0.328524
           5.37773          0.326273
           5.38332          0.323734
           5.38891          0.320997
           5.39452          0.317969
           5.40014          0.314788
           5.40577          0.311448
           5.41141          0.308006
           5.41707          0.304471
           5.42274          0.301023
           5.42841          0.297754
           5.43410          0.294740
           5.43981          0.292179
           5.44552          0.290261
           5.45125          0.289223
           5.45698          0.288870
           5.46273          0.289669
           5.46850          0.291598
           5.47427          0.294607
           5.48006          0.298533
           5.48586          0.303415
           5.49167          0.308896
           5.49749          0.314573
           5.50333          0.320212
           5.50918          0.325772
           5.51504          0.331009
           5.52091          0.335955
           5.52680          0.340493
           5.53269          0.344805
           5.53861          0.348893
           5.54453          0.352390
           5.55047          0.355455
           5.55641          0.358663
           5.56238          0.361749
           5.56835          0.364382
           5.57434          0.366698
           5.58034          0.368553
           5.58635          0.369996
           5.59238          0.371435
           5.59842          0.372795
           5.60447          0.373767
           5.61054          0.374038
           5.61661          0.373964
           5.62271          0.373945
           5.62881          0.373964
           5.63493          0.373526
           5.64106          0.372852
           5.64721          0.372313
           5.65336          0.371770
           5.65954          0.371596
           5.66572          0.371309
           5.67192          0.371107
           5.67813          0.371231
           5.68436          0.370974
           5.69060          0.370572
           5.69685          0.370423
           5.70312          0.370198
           5.70940          0.369972
           5.71569          0.369883
           5.72200          0.369375
           5.72833          0.369016
           5.73466          0.368573
           5.74101          0.368111
           5.74738          0.367660
           5.75376          0.367251
           5.76015          0.366803
           5.76656          0.366505
           5.77298          0.366397
           5.77941          0.366135
           5.78586          0.366308
           5.79233          0.366446
           5.79881          0.366049
           5.80530          0.365615
           5.81181          0.365373
           5.81833          0.365050
           5.82487          0.364672
           5.83142          0.364172
           5.83799          0.363634
           5.84457          0.363350
           5.85117          0.363119
           5.85778          0.363132
           5.86441          0.363483
           5.87105          0.364071
           5.87770          0.364391
           5.88438          0.364598
           5.89106          0.364418
           5.89776          0.364385
           5.90448          0.364150
           5.91121          0.363477
           5.91796          0.362827
           5.92473          0.361627
           5.93150          0.360465
           5.93830          0.359909
           5.94511          0.359142
           5.95193          0.357783
           5.95878          0.356970
           5.96563          0.356067
           5.97251          0.355133
           5.97939          0.354211
           5.98630          0.352948
           5.99322          0.351577
           6.00016          0.350132
           6.00711          0.348852
           6.01408          0.347798
           6.02106          0.346978
           6.02806          0.346377
           6.03508          0.346318
           6.04212          0.346086
           6.04917          0.345480
           6.05623          0.344622
           6.06332          0.343565
           6.07042          0.342707
           6.07753          0.342025
           6.08467          0.341074
           6.09182          0.340427
           6.09898          0.340234
           6.10617          0.340048
           6.11337          0.339737
           6.12058          0.339554
           6.12782          0.339246
           6.13507          0.338986
           6.14234          0.338843
           6.14963          0.339044
           6.15693          0.339306
           6.16425          0.339546
           6.17159          0.339865
           6.17895          0.340288
           6.18632          0.340539
           6.19371          0.340597
           6.20112          0.340335
           6.20854          0.340159
           6.21599          0.340038
           6.22345          0.339562
           6.23093          0.338806
           6.23843          0.338019
           6.24595          0.336988
           6.25348          0.335644
           6.26103          0.333956
           6.26860          0.332182
           6.27619          0.330188
           6.28380          0.327918
           6.29143          0.325309
           6.29907          0.322480
           6.30673          0.319271
           6.31442          0.315873
           6.32212          0.312196
           6.32984          0.308337
           6.33757          0.304324
           6.34533          0.300646
           6.35311          0.296871
           6.36090          0.293281
           6.36872          0.290513
           6.37655          0.288330
           6.38440          0.286201
           6.39227          0.284224
           6.40017          0.282529
           6.40808          0.281303
           6.41601          0.280607
           6.42396          0.280004
           6.43193          0.279998
           6.43992          0.280877
           6.44793          0.281801
           6.45596          0.282957
           6.46401          0.284467
           6.47208          0.286093
           6.48017          0.287986
           6.48828          0.289885
           6.49641          0.291938
           6.50456          0.293710
           6.51273          0.295577
           6.52092          0.297110
           6.52914          0.298346
           6.53737          0.299403
           6.54563          0.299948
           6.55390          0.300421
           6.56220          0.300986
           6.57051          0.301223
           6.57885          0.301362
           6.58721          0.301477
           6.59559          0.301842
           6.60399          0.302490
           6.61242          0.303304
           6.62086          0.304232
           6.62933          0.304930
           6.63782          0.305619
           6.64633          0.306489
           6.65486          0.307067
           6.66341          0.307653
           6.67199          0.308180
           6.68059          0.308160
           6.68921          0.308272
           6.69785          0.308579
           6.70651          0.308730
           6.71520          0.308804
           6.72391          0.308807
           6.73264          0.308895
           6.74140          0.309027
           6.75018          0.308979
           6.75898          0.308795
           6.76780          0.308588
           6.77665          0.308455
           6.78552          0.308198
           6.79441          0.307750
           6.80333          0.307047
           6.81227          0.306178
           6.82123          0.305707
           6.83022          0.305279
           6.83923          0.304679
           6.84826          0.304357
           6.85732          0.304281
           6.86640          0.304357
           6.87551          0.304775
           6.88464          0.305422
           6.89380          0.306772
           6.90298          0.308331
           6.91218          0.309943
           6.92141          0.311549
           6.93066          0.313204
           6.93994          0.314771
           6.94924          0.316286
           6.95857          0.317438
           6.96792          0.318502
           6.97730          0.319237
           6.98670          0.319855
           6.99613          0.320339
           7.00559          0.320698
           7.01507          0.321070
           7.02457          0.321486
           7.03410          0.321983
           7.04366          0.322562
           7.05325          0.323199
           7.06285          0.323793
           7.07249          0.324140
           7.08215          0.324388
           7.09184          0.324650
           7.10155          0.324712
           7.11130          0.324745
           7.12106          0.324709
           7.13086          0.324467
           7.14068          0.324321
           7.15053          0.324169
           7.16041          0.324055
           7.17031          0.324026
           7.18024          0.324097
           7.19020          0.323891
           7.20019          0.323545
           7.21020          0.323013
           7.22024          0.322503
           7.23031          0.322143
           7.24041          0.321559
           7.25054          0.320681
           7.26069          0.319985
           7.27088          0.319502
           7.28109          0.318886
           7.29133          0.318020
           7.30160          0.317542
           7.31190          0.317299
           7.32222          0.317080
           7.33258          0.316910
           7.34297          0.316710
           7.35338          0.316556
           7.36383          0.316545
           7.37430          0.316257
           7.38481          0.315747
           7.39534          0.315036
           7.40591          0.314260
           7.41650          0.313328
           7.42713          0.312042
           7.43778          0.310716
           7.44847          0.309273
           7.45919          0.307517
           7.46994          0.305664
           7.48071          0.303514
           7.49152          0.301193
           7.50237          0.298619
           7.51324          0.295845
           7.52414          0.293095
           7.53508          0.290188
           7.54605          0.287195
           7.55705          0.284181
           7.56808          0.281316
           7.57915          0.278192
           7.59024          0.274958
           7.60137          0.271653
           7.61253          0.268441
           7.62373          0.265173
           7.63496          0.261526
           7.64622          0.257933
           7.65751          0.254368
           7.66884          0.250609
           7.68020          0.246887
           7.69159          0.243233
           7.70302          0.239594
           7.71449          0.236160
           7.72598          0.232696
           7.73752          0.229156
           7.74908          0.225530
           7.76068          0.221462
           7.77232          0.217205
           7.78399          0.212920
           7.79569          0.208517
           7.80743          0.204381
           7.81921          0.200263
           7.83102          0.195758
           7.84287          0.191185
           7.85475          0.186683
           7.86667          0.182188
           7.87862          0.177632
           7.89062          0.173022
           7.90264          0.168593
           7.91471          0.164408
           7.92681          0.160029
           7.93895          0.155528
           7.95113          0.150882
           7.96334          0.146254
           7.97559          0.141583
           7.98788          0.137027
           8.00021          0.132396
           8.01257          0.127577
           8.02498          0.122877
           8.03742          0.118275
           8.04990          0.113321
           8.06242          0.108557
           8.07498          0.103951
           8.08757          0.099144
           8.10021          0.094411
           8.11289          0.089766
           8.12560          0.085206
           8.13836          0.080766
           8.15116          0.076301
           8.16399          0.071911
           8.17687          0.067735
           8.18979          0.063618
           8.20275          0.059855
           8.21575          0.056327
           8.22879          0.052877
           8.24187          0.049706
           8.25499          0.046489
           8.26816          0.043334
           8.28137          0.040502
           8.29462          0.037954
           8.30791          0.035439
           8.32124          0.033273
           8.33462          0.031261
           8.34804          0.029531
           8.36151          0.027978
           8.37502          0.026838
           8.38857          0.026209
           8.40216          0.025891
           8.41580          0.025801
           8.42949          0.026149
           8.44322          0.026969
           8.45699          0.028330
           8.47081          0.030215
           8.48467          0.032814
           8.49858          0.036131
           8.51254          0.040310
           8.52654          0.045367
           8.54058          0.051538
           8.55468          0.058793
           8.56882          0.067324
           8.58300          0.076725
           8.59724          0.086877
           8.61152          0.097764
           8.62585          0.109228
           8.64023          0.120928
           8.65465          0.132696
           8.66912          0.144503
           8.68364          0.156212
           8.69821          0.167487
           8.71283          0.178248
           8.72750          0.188323
           8.74222          0.197440
           8.75699          0.205372
           8.77180          0.211706
           8.78667          0.216475
           8.80159          0.219684
           8.81656          0.221408
           8.83158          0.221937
           8.84665          0.221853
           8.86177          0.221800
           8.87694          0.221491
           8.89217          0.220489
           8.90745          0.218849
           8.92278          0.216832
           8.93816          0.214460
           8.95360          0.211882
           8.96909          0.209691
           8.98464          0.207822
           9.00023          0.206221
           9.01589          0.205080
           9.03159          0.204426
           9.04736          0.204416
           9.06317          0.204376
           9.07905          0.204629
           9.09497          0.205053
           9.11096          0.205524
           9.12700          0.206410
           9.14310          0.207325
           9.15925          0.208012
           9.17546          0.208130
           9.19173          0.207400
           9.20806          0.205385
           9.22444          0.201474
           9.24088          0.195871
           9.25738          0.188772
           9.27394          0.181172
           9.29056          0.174671
           9.30724          0.169595
           9.32398          0.163998
           9.34078          0.155987
           9.35764          0.144695
           9.37457          0.131669
           9.39155          0.119886
           9.40859          0.110845
           9.42570          0.104234
           9.44287          0.099893
           9.46010          0.098164
           9.47740          0.098361
           9.49475          0.100296
           9.51217          0.104132
           9.52966          0.109405
           9.54721          0.115793
           9.56483          0.122468
           9.58250          0.129895
           9.60025          0.138569
           9.61806          0.148920
           9.63594          0.160883
           9.65388          0.173131
           9.67189          0.183598
           9.68997          0.191657
           9.70812          0.197427
           9.72633          0.200515
           9.74462          0.201596
           9.76297          0.201242
           9.78139          0.200223
           9.79988          0.198510
           9.81844          0.196463
           9.83707          0.194231
           9.85577          0.191201
           9.87454          0.188012
           9.89339          0.185106
           9.91230          0.181718
           9.93129          0.178017
           9.95036          0.174205
           9.96949          0.170500
           9.98870          0.167080
          10.00798          0.164221
          10.02734          0.161623
          10.04677          0.159091
          10.06628          0.156952
          10.08587          0.154486
          10.10553          0.151479
          10.12526          0.148418
          10.14508          0.144901
          10.16497          0.140706
          10.18494          0.136030
          10.20499          0.130702
          10.22512          0.124810
          10.24533          0.118881
          10.26561          0.113175
          10.28598          0.108143
          10.30643          0.104034
          10.32696          0.100522
          10.34757          0.097850
          10.36827          0.095998
          10.38905          0.094931
          10.40991          0.094774
          10.43086          0.095101
          10.45188          0.095865
          10.47300          0.097331
          10.49420          0.098883
          10.51549          0.100984
          10.53686          0.103494
          10.55832          0.105969
          10.57987          0.108627
          10.60150          0.111155
          10.62323          0.113433
          10.64504          0.115850
          10.66694          0.117833
          10.68894          0.119318
          10.71102          0.120296
          10.73320          0.120620
          10.75547          0.120534
          10.77783          0.120348
          10.80028          0.119769
          10.82283          0.118881
          10.84547          0.117881
          10.86821          0.116985
          10.89104          0.116001
          10.91397          0.115024
          10.93699          0.114350
          10.96012          0.114224
          10.98334          0.114356
          11.00666          0.114151
          11.03007          0.113803
          11.05359          0.113546
          11.07721          0.112856
          11.10093          0.111962
          11.12475          0.110895
          11.14868          0.109543
          11.17271          0.107600
          11.19684          0.105484
          11.22107          0.102984
          11.24541          0.100196
          11.26986          0.097388
          11.29441          0.094814
          11.31907          0.092513
          11.34384          0.090008
          11.36872          0.087548
          11.39370          0.086115
          11.41880          0.085145
          11.44401          0.084679
          11.46933          0.084679
          11.49476          0.085297
          11.52030          0.086424
          11.54596          0.087998
          11.57173          0.089855
          11.59762          0.091696
          11.62362          0.093834
          11.64974          0.096184
          11.67598          0.098382
          11.70234          0.100389
          11.72881          0.102270
          11.75541          0.103902
          11.78213          0.105449
          11.80896          0.106617
          11.83592          0.107535
          11.86301          0.108318
          11.89022          0.108692
          11.91755          0.109093
          11.94501          0.109820
          11.97260          0.110655
          12.00031          0.111833
          12.02816          0.113268
          12.05613          0.114323
          12.08423          0.114145
          12.11246          0.113302
          12.14083          0.112868
          12.16933          0.113092
          12.19796          0.113529
          12.22673          0.113861
          12.25564          0.114369
          12.28468          0.114521
          12.31386          0.114083
          12.34318          0.113359
          12.37264          0.112584
          12.40224          0.111663
          12.43198          0.110555
          12.46186          0.109240
          12.49189          0.108208
          12.52207          0.107248
          12.55238          0.106301
          12.58285          0.105574
          12.61347          0.104675
          12.64423          0.103493
          12.67515          0.102756
          12.70621          0.102210
          12.73743          0.101454
          12.76881          0.101124
          12.80033          0.102160
          12.83202          0.104558
          12.86386          0.108488
          12.89586          0.113597
          12.92802          0.119426
          12.96034          0.125184
          12.99282          0.130002
          13.02546          0.133511
          13.05827          0.135872
          13.09125          0.137040
          13.12439          0.137166
          13.15770          0.136494
          13.19118          0.134714
          13.22483          0.131839
          13.25866          0.128280
          13.29265          0.124230
          13.32683          0.120162
          13.36117          0.117247
          13.39570          0.115977
          13.43040          0.116336
          13.46529          0.117660
          13.50035          0.118956
          13.53560          0.119804
          13.57103          0.120394
          13.60665          0.121245
          13.64246          0.122625
          13.67846          0.124213
          13.71464          0.126061
          13.75102          0.128371
          13.78759          0.130964
          13.82436          0.133684
          13.86132          0.136943
          13.89849          0.140252
          13.93585          0.143367
          13.97341          0.146573
          14.01117          0.149821
          14.04915          0.152935
          14.08732          0.156087
          14.12571          0.158697
          14.16430          0.161185
          14.20311          0.163563
          14.24213          0.165855
          14.28136          0.167812
          14.32081          0.169205
          14.36049          0.170211
          14.40038          0.170707
          14.44049          0.170554
          14.48082          0.169956
          14.52139          0.169232
          14.56218          0.169127
          14.60320          0.169695
          14.64445          0.170545
          14.68593          0.170411
          14.72766          0.169457
          14.76962          0.167374
          14.81181          0.163844
          14.85425          0.158776
          14.89694          0.152822
          14.93987          0.147357
          14.98305          0.143504
          15.02648          0.142275
          15.07016          0.143928
          15.11410          0.147905
          15.15829          0.153616
          15.20274          0.158973
          15.24746          0.162812
          15.29243          0.165605
          15.33768          0.167482
          15.38319          0.168015
          15.42897          0.166680
          15.47503          0.163695
          15.52136          0.158856
          15.56797          0.151611
          15.61487          0.142000
          15.66204          0.132236
          15.70950          0.125048
          15.75725          0.121425
          15.80529          0.122636
          15.85362          0.127909
          15.90226          0.133760
          15.95119          0.137701
          16.00042          0.138802
          16.04995          0.137942
          16.09980          0.135417
          16.14995          0.131427
          16.20042          0.126558
          16.25121          0.121212
          16.30231          0.114431
          16.35374          0.106863
          16.40549          0.099341
          16.45757          0.091927
          16.50998          0.085157
          16.56273          0.079418
          16.61582          0.074224
          16.66924          0.068721
          16.72302          0.063464
          16.77714          0.058080
          16.83161          0.052242
          16.88643          0.046194
          16.94162          0.040832
          16.99716          0.036247
          17.05308          0.032080
          17.10936          0.029351
          17.16601          0.028870
          17.22304          0.030677
          17.28045          0.035340
          17.33824          0.042577
          17.39643          0.051911
          17.45500          0.063051
          17.51397          0.075728
          17.57334          0.089420
          17.63311          0.103108
          17.69329          0.117176
          17.75389          0.131235
          17.81490          0.143451
          17.87633          0.153923
          17.93818          0.163470
          18.00047          0.171740
          18.06319          0.179057
          18.12635          0.185089
          18.18995          0.189934
          18.25400          0.193072
          18.31850          0.194637
          18.38346          0.194575
          18.44888          0.193510
          18.51477          0.191432
          18.58113          0.188034
          18.64797          0.183353
          18.71529          0.178795
          18.78310          0.174206
          18.85140          0.169673
          18.92020          0.165593
          18.98951          0.161780
          19.05932          0.156984
          19.12965          0.151370
          19.20050          0.147146
          19.27188          0.142737
          19.34379          0.139317
          19.41624          0.138040
          19.48923          0.136146
          19.56277          0.135044
          19.63688          0.136616
          19.71154          0.139925
          19.78678          0.145989
          19.86259          0.155101
          19.93898          0.167426
          20.01596          0.180117
          20.09355          0.191420
          20.17173          0.200726
          20.25053          0.208443
          20.32994          0.214486
          20.40998          0.218195
          20.49065          0.220263
          20.57196          0.220935
          20.65392          0.220224
          20.73654          0.216801
          20.81982          0.212622
          20.90377          0.207903
          20.98840          0.201663
          21.07372          0.193489
          21.15973          0.183842
          21.24646          0.175553
          21.33389          0.167881
          21.42204          0.157878
          21.51093          0.147546
          21.60056          0.138290
          21.69094          0.130017
          21.78208          0.123374
          21.87399          0.118252
          21.96667          0.112765
          22.06015          0.110585
          22.15442          0.112576
          22.24951          0.119991
          22.34541          0.130930
          22.44214          0.143513
          22.53972          0.156152
          22.63814          0.166852
          22.73743          0.174370
          22.83760          0.178342
          22.93865          0.182381
          23.04060          0.186792
          23.14346          0.189512
          23.24724          0.190149
          23.35196          0.190014
          23.45763          0.191349
          23.56425          0.192718
          23.67185          0.193724
          23.78044          0.193861
          23.89002          0.194820
          24.00063          0.194498
          24.11226          0.195052
          24.22493          0.195064
          24.33866          0.192149
          24.45347          0.189237
          24.56936          0.186560
          24.68636          0.183914
          24.80447          0.182332
          24.92373          0.180743
          25.04413          0.184927
          25.16571          0.187829
          25.28846          0.187942
          25.41243          0.187996
          25.53761          0.196576
          25.66404          0.201728
          25.79172          0.203583
          25.92068          0.205339