           0.30000          0.115338
           0.30500          0.124420
           0.31000          0.136860
           0.31500          0.148984
           0.32000          0.159582
           0.32500          0.169214
           0.33000          0.179416
           0.33500          0.188525
           0.34000          0.196267
           0.34500          0.204661
           0.35000          0.212779
           0.35500          0.223232
           0.36000          0.232704
           0.36500          0.238322
           0.37000          0.245156
           0.37500          0.250725
           0.38000          0.254921
           0.38500          0.257940
           0.39000          0.262606
           0.39500          0.269237
           0.40000          0.272427
           0.40500          0.274965
           0.41000          0.275551
           0.41500          0.278918
           0.42000          0.282195
           0.42500          0.285065
           0.43000          0.287341
           0.43500          0.289307
           0.44000          0.291582
           0.44500          0.295566
           0.45000          0.298730
           0.45500          0.302249
           0.46000          0.305683
           0.46500          0.311294
           0.47000          0.317400
           0.47500          0.324058
           0.48000          0.330721
           0.48500          0.334496
           0.49000          0.337511
           0.49500          0.339241
           0.50000          0.341909
           0.50500          0.346303
           0.51000          0.349593
           0.51500          0.351817
           0.52000          0.353661
           0.52500          0.354595
           0.53000          0.358064
           0.53500          0.358311
           0.54000          0.361481
           0.54500          0.364463
           0.55000          0.367569
           0.55500          0.370359
           0.56000          0.373440
           0.56500          0.376978
           0.57000          0.380361
           0.57500          0.383080
           0.58000          0.387755
           0.58500          0.391008
           0.59000          0.392132
           0.59500          0.393791
           0.60000          0.395312
           0.60500          0.395264
           0.61000          0.395820
           0.61500          0.394362
           0.62000          0.394507
           0.62500          0.393280
           0.63000          0.393063
           0.63500          0.391483
           0.64000          0.391143
           0.64500          0.389520
           0.65000          0.388218
           0.65500          0.387071
           0.66000          0.386157
           0.66500          0.385086
           0.67000          0.383239
           0.67500          0.380253
           0.68000          0.379205
           0.68500          0.378785
           0.69000          0.379016
           0.69500          0.378227
           0.70000          0.379532
           0.70500          0.379062
           0.71000          0.377615
           0.71500          0.381161
           0.72000          0.381602
           0.72500          0.382526
           0.73000          0.383541
           0.73500          0.383630
           0.74000          0.384893
           0.74500          0.388567
           0.75000          0.390659
           0.75500          0.391851
           0.76000          0.396174
           0.76500          0.398905
           0.77000          0.399921
           0.77500          0.401411
           0.78000          0.403461
           0.78500          0.404113
           0.79000          0.406424
           0.79500          0.408573
           0.80000          0.408908
           0.80500          0.408609
           0.81000          0.409077
           0.81500          0.408262
           0.82000          0.408637
           0.82500          0.408679
           0.83000          0.408051
           0.83500          0.407373
           0.84000          0.406873
           0.84500          0.405779
           0.85000          0.405564
           0.85500          0.404206
           0.86000          0.402694
           0.86500          0.402142
           0.87000          0.401416
           0.87500          0.400838
           0.88000          0.400091
           0.88500          0.399553
           0.89000          0.399380
           0.89500          0.399439
           0.90000          0.400576
           0.90500          0.401096
           0.91000          0.400812
           0.91500          0.402148
           0.92000          0.402624
           0.92500          0.403801
           0.93000          0.401421
           0.93500          0.404479
           0.94000          0.405912
           0.94500          0.406021
           0.95000          0.406909
           0.95500          0.408798
           0.96000          0.410811
           0.96500          0.412861
           0.97000          0.415181
           0.97500          0.417002
           0.98000          0.418364
           0.98500          0.419200
           0.99000          0.420011
           0.99500          0.420529
           1.00000          0.421858
           1.00500          0.422045
           1.01000          0.422857
           1.01500          0.422852
           1.02000          0.424302
           1.02500          0.425480
           1.03000          0.426451
           1.03500          0.424814
           1.04000          0.426052
           1.04500          0.426345
           1.05000          0.426229
           1.05500          0.424147
           1.06000          0.427725
           1.06500          0.425019
           1.07000          0.426893
           1.07500          0.426591
           1.08000          0.426625
           1.08500          0.426340
           1.09000          0.426448
           1.09500          0.427567
           1.10000          0.427732
           1.10500          0.428412
           1.11000          0.428368
           1.11500          0.431037
           1.12000          0.429982
           1.12500          0.430882
           1.13000          0.431514
           1.13500          0.432343
           1.14000          0.434273
           1.14500          0.433107
           1.15000          0.435453
           1.15500          0.433659
           1.16000          0.435683
           1.16500          0.437613
           1.17000          0.438604
           1.17500          0.439360
           1.18000          0.441090
           1.18500          0.441660
           1.19000          0.443743
           1.19500          0.445106
           1.20000          0.444508
           1.20500          0.447182
           1.21000          0.448648
           1.21500          0.450095
           1.22000          0.451691
           1.22500          0.452087
           1.23000          0.452021
           1.23500          0.453344
           1.24000          0.454899
           1.24500          0.455933
           1.25000          0.458585
           1.25500          0.459889
           1.26000          0.461935
           1.26500          0.460986
           1.27000          0.462926
           1.27500          0.464539
           1.28000          0.463744
           1.28500          0.466108
           1.29000          0.467113
           1.29500          0.470000
           1.30000          0.471647
           1.30500          0.472269
           1.31000          0.472292
           1.31500          0.474184
           1.32000          0.476267
           1.32500          0.477830
           1.33000          0.478344
           1.33500          0.479264
           1.34000          0.480381
           1.34500          0.480164
           1.35000          0.481767
           1.35500          0.481010
           1.36000          0.479182
           1.36500          0.479315
           1.37000          0.480958
           1.37500          0.481891
           1.38000          0.461473
           1.38500          0.432337
           1.39000          0.427732
           1.39500          0.425644
           1.40000          0.445999
           1.40500          0.458687
           1.41000          0.468464
           1.41500          0.475627
           1.42000          0.480654
           1.42500          0.482759
           1.43000          0.486548
           1.43500          0.488560
           1.44000          0.490965
           1.44500          0.493440
           1.45000          0.495380
           1.45500          0.496903
           1.46000          0.498093
           1.46500          0.499504
           1.47000          0.500147
           1.47500          0.499866
           1.48000          0.502770
           1.48500          0.504619
           1.49000          0.504843
           1.49500          0.506527
           1.50000          0.507397
           1.50500          0.508297
           1.51000          0.509051
           1.51500          0.510908
           1.52000          0.510988
           1.52500          0.511910
           1.53000          0.512181
           1.53500          0.512900
           1.54000          0.513342
           1.54500          0.514744
           1.55000          0.515206
           1.55500          0.515783
           1.56000          0.516425
           1.56500          0.518233
           1.57000          0.518697
           1.57500          0.519655
           1.58000          0.519465
           1.58500          0.521121
           1.59000          0.520072
           1.59500          0.521007
           1.60000          0.522402
           1.60500          0.521694
           1.61000          0.523396
           1.61500          0.524510
           1.62000          0.523788
           1.62500          0.524322
           1.63000          0.524885
           1.63500          0.525380
           1.64000          0.526386
           1.64500          0.526882
           1.65000          0.527738
           1.65500          0.527333
           1.66000          0.527762
           1.66500          0.528803
           1.67000          0.528915
           1.67500          0.529032
           1.68000          0.530106
           1.68500          0.530661
           1.69000          0.530168
           1.69500          0.531168
           1.70000          0.532223
           1.70500          0.530993
           1.71000          0.531116
           1.71500          0.531419
           1.72000          0.531196
           1.72500          0.531776
           1.73000          0.532203
           1.73500          0.532939
           1.74000          0.531342
           1.74500          0.531894
           1.75000          0.531749
           1.75500          0.530780
           1.76000          0.531097
           1.76500          0.530701
           1.77000          0.530203
           1.77500          0.530310
           1.78000          0.529328
           1.78500          0.529515
           1.79000          0.530582
           1.79500          0.530628
           1.80000          0.530844
           1.80500          0.531137
           1.81000          0.530523
           1.81500          0.530832
           1.82000          0.530678
           1.82500          0.529875
           1.83000          0.531627
           1.83500          0.531804
           1.84000          0.531600
           1.84500          0.529568
           1.85000          0.528627
           1.85500          0.528342
           1.86000          0.527168
           1.86500          0.527096
           1.87000          0.530390
           1.87500          0.523727
           1.88000          0.519199
           1.88500          0.517328
           1.89000          0.514396
           1.89500          0.507954
           1.90000          0.502885
           1.90500          0.496605
           1.91000          0.488172
           1.91500          0.487670
           1.92000          0.485284
           1.92500          0.485117
           1.93000          0.486243
           1.93500          0.486618
           1.94000          0.487920
           1.94500          0.487597
           1.95000          0.487629
           1.95500          0.487551
           1.96000          0.488189
           1.96500          0.487252
           1.97000          0.486778
           1.97500          0.486344
           1.98000          0.486078
           1.98500          0.486023
           1.99000          0.487343
           1.99500          0.489014
           2.00000          0.490747
           2.00500          0.491524
           2.01000          0.493546
           2.01500          0.495042
           2.02000          0.496496
           2.02500          0.496973
           2.03000          0.498524
           2.03500          0.499905
           2.04000          0.500821
           2.04500          0.501822
           2.05000          0.504145
           2.05500          0.506187
           2.06000          0.507785
           2.06500          0.507548
           2.07000          0.507536
           2.07500          0.506455
           2.08000          0.507574
           2.08500          0.505954
           2.09000          0.502265
           2.09500          0.499966
           2.10000          0.498674
           2.10500          0.497214
           2.11000          0.496815
           2.11500          0.495959
           2.12000          0.495756
           2.12500          0.496490
           2.13000          0.494720
           2.13500          0.494565
           2.14000          0.494915
           2.14500          0.496741
           2.15000          0.500002
           2.15500          0.501645
           2.16000          0.503377
           2.16500          0.502644
           2.17000          0.502651
           2.17500          0.504519
           2.18000          0.502394
           2.18500          0.502659
           2.19000          0.502522
           2.19500          0.501470
           2.20000          0.500128
           2.20500          0.500889
           2.21000          0.497855
           2.21500          0.495291
           2.22000          0.494112
           2.22500          0.490598
           2.23000          0.485457
           2.23500          0.476396
           2.24000          0.467871
           2.24500          0.459958
           2.25000          0.456784
           2.25500          0.452608
           2.26000          0.453080
           2.26500          0.446669
           2.27000          0.434961
           2.27500          0.429583
           2.28000          0.426819
           2.28500          0.423087
           2.29000          0.417266
           2.29500          0.409849
           2.30000          0.405238
           2.30500          0.397945
           2.31000          0.387285
           2.31500          0.375374
           2.32000          0.361189
           2.32500          0.352261
           2.33000          0.350000
           2.33500          0.350761
           2.34000          0.356275
           2.34500          0.371876
           2.35000          0.390233
           2.35500          0.402960
           2.36000          0.409983
           2.36500          0.412420
           2.37000          0.409568
           2.37500          0.404143
           2.38000          0.399881
           2.38500          0.398094
           2.39000          0.395959
           2.39500          0.394239
           2.40000          0.391894
           2.40500          0.393065
           2.41000          0.391264
           2.41500          0.389976
           2.42000          0.387036
           2.42500          0.383708
           2.43000          0.381501
           2.43500          0.375787
           2.44000          0.374568
           2.44500          0.376282
           2.45000          0.379181
           2.45500          0.381902
           2.46000          0.383304
           2.46500          0.382230
           2.47000          0.378679
           2.47500          0.373630
           2.48000          0.367647
           2.48500          0.363429
           2.49000          0.359965
           2.49500          0.356819
           2.50000          0.349732
           2.50200          0.348446
           2.50320          0.347098
           2.50441          0.345249
           2.50562          0.344054
           2.50683          0.343405
           2.50805          0.343007
           2.50926          0.342427
           2.51048          0.342176
           2.51169          0.342162
           2.51291          0.342591
           2.51413          0.343164
           2.51535          0.343785
           2.51657          0.344255
           2.51779          0.344915
           2.51902          0.345958
           2.52024          0.347237
           2.52147          0.348092
           2.52269          0.348901
           2.52392          0.349999
           2.52515          0.351213
           2.52638          0.351960
           2.52761          0.352602
           2.52885          0.353434
           2.53008          0.354644
           2.53132          0.355040
           2.53255          0.355275
           2.53379          0.355270
           2.53503          0.355675
           2.53627          0.355565
           2.53751          0.355536
           2.53875          0.355499
           2.54000          0.355447
           2.54124          0.355165
           2.54249          0.355027
           2.54374          0.355115
           2.54499          0.355312
           2.54624          0.355387
           2.54749          0.355267
           2.54874          0.354890
           2.54999          0.354607
           2.55125          0.354302
           2.55250          0.353606
           2.55376          0.352958
           2.55502          0.352628
           2.55628          0.352013
           2.55754          0.351425
           2.55880          0.350957
           2.56007          0.350524
           2.56133          0.350498
           2.56260          0.350815
           2.56386          0.351331
           2.56513          0.351913
           2.56640          0.352405
           2.56767          0.353258
           2.56895          0.354127
           2.57022          0.354896
           2.57150          0.355338
           2.57277          0.355884
           2.57405          0.356664
           2.57533          0.357490
           2.57661          0.358272
           2.57789          0.358903
           2.57917          0.359368
           2.58046          0.359750
           2.58174          0.360113
           2.58303          0.360512
           2.58431          0.360854
           2.58560          0.361372
           2.58689          0.362366
           2.58819          0.363169
           2.58948          0.363616
           2.59077          0.364442
           2.59207          0.365133
           2.59336          0.365501
           2.59466          0.366122
           2.59596          0.366956
           2.59726          0.367448
           2.59856          0.367746
           2.59987          0.367843
           2.60117          0.367884
           2.60248          0.367875
           2.60378          0.367853
           2.60509          0.367872
           2.60640          0.368036
           2.60771          0.368251
           2.60903          0.368604
           2.61034          0.368496
           2.61166          0.368713
           2.61297          0.368677
           2.61429          0.368800
           2.61561          0.368884
           2.61693          0.368756
           2.61825          0.369103
           2.61957          0.369613
           2.62090          0.369452
           2.62222          0.369422
           2.62355          0.369344
           2.62488          0.369491
           2.62621          0.369271
           2.62754          0.368962
           2.62887          0.368476
           2.63021          0.368146
           2.63154          0.367584
           2.63288          0.367257
           2.63421          0.366472
           2.63555          0.365711
           2.63689          0.364900
           2.63824          0.363843
           2.63958          0.362313
           2.64092          0.360950
           2.64227          0.359538
           2.64362          0.357815
           2.64497          0.355571
           2.64632          0.353209
           2.64767          0.350524
           2.64902          0.347896
           2.65038          0.345001
           2.65173          0.342463
           2.65309          0.339764
           2.65445          0.337619
           2.65581          0.335754
           2.65717          0.334321
           2.65853          0.332712
           2.65989          0.331038
           2.66126          0.328910
           2.66263          0.326453
           2.66400          0.323739
           2.66536          0.321216
           2.66674          0.317829
           2.66811          0.313987
           2.66948          0.309329
           2.67086          0.304236
           2.67223          0.297159
           2.67361          0.289461
           2.67499          0.280277
           2.67637          0.269650
           2.67776          0.256802
           2.67914          0.242699
           2.68052          0.227353
           2.68191          0.212049
           2.68330          0.197573
           2.68469          0.183115
           2.68608          0.168639
           2.68747          0.154994
           2.68887          0.141558
           2.69026          0.128854
           2.69166          0.116118
           2.69306          0.104222
           2.69446          0.092339
           2.69586          0.080626
           2.69726          0.068794
           2.69866          0.056804
           2.70007          0.045323
           2.70148          0.036854
           2.70289          0.031806
           2.70430          0.028804
           2.70571          0.026015
           2.70712          0.023711
           2.70853          0.021624
           2.70995          0.020064
           2.71137          0.018908
           2.71279          0.018412
           2.71421          0.018590
           2.71563          0.019186
           2.71705          0.019944
           2.71848          0.020805
           2.71990          0.021825
           2.72133          0.023159
           2.72276          0.024291
           2.72419          0.025194
           2.72562          0.026289
           2.72706          0.027454
           2.72849          0.028180
           2.72993          0.028906
           2.73137          0.029577
           2.73281          0.030270
           2.73425          0.030984
           2.73569          0.031677
           2.73714          0.032144
           2.73858          0.032645
           2.74003          0.033336
           2.74148          0.033971
           2.74293          0.034796
           2.74438          0.035813
           2.74583          0.036647
           2.74729          0.037586
           2.74875          0.038768
           2.75020          0.040108
           2.75166          0.041382
           2.75313          0.042737
           2.75459          0.044018
           2.75605          0.045130
           2.75752          0.046101
           2.75899          0.047217
           2.76046          0.048229
           2.76193          0.049108
           2.76340          0.050039
           2.76487          0.050945
           2.76635          0.051637
           2.76782          0.052171
           2.76930          0.052754
           2.77078          0.053421
           2.77226          0.053861
           2.77375          0.054390
           2.77523          0.054946
           2.77672          0.055367
           2.77821          0.055640
           2.77970          0.056008
           2.78119          0.056537
           2.78268          0.057083
           2.78418          0.057502
           2.78567          0.057874
           2.78717          0.058577
           2.78867          0.059356
           2.79017          0.059866
           2.79167          0.060201
           2.79318          0.060554
           2.79468          0.060983
           2.79619          0.061527
           2.79770          0.062098
           2.79921          0.062587
           2.80072          0.063013
           2.80224          0.063423
           2.80375          0.063952
           2.80527          0.064430
           2.80679          0.064849
           2.80831          0.065377
           2.80983          0.065898
           2.81135          0.066605
           2.81288          0.067481
           2.81441          0.068079
           2.81593          0.068577
           2.81746          0.069306
           2.81900          0.070106
           2.82053          0.070666
           2.82207          0.071198
           2.82360          0.071893
           2.82514          0.072829
           2.82668          0.073745
           2.82822          0.074383
           2.82977          0.075010
           2.83131          0.075681
           2.83286          0.076254
           2.83441          0.076764
           2.83596          0.077470
           2.83751          0.078183
           2.83907          0.078757
           2.84062          0.079343
           2.84218          0.080017
           2.84374          0.080582
           2.84530          0.081246
           2.84686          0.081929
           2.84843          0.082504
           2.84999          0.082921
           2.85156          0.083247
           2.85313          0.083907
           2.85470          0.084631
           2.85627          0.084981
           2.85785          0.085439
           2.85942          0.086030
           2.86100          0.086629
           2.86258          0.087152
           2.86416          0.087658
           2.86575          0.088149
           2.86733          0.088711
           2.86892          0.089311
           2.87051          0.089841
           2.87210          0.090331
           2.87369          0.090730
           2.87528          0.091029
           2.87688          0.091649
           2.87848          0.092175
           2.88007          0.092538
           2.88168          0.092949
           2.88328          0.093412
           2.88488          0.093865
           2.88649          0.094244
           2.88810          0.094644
           2.88971          0.095172
           2.89132          0.095635
           2.89293          0.096061
           2.89455          0.096645
           2.89616          0.097068
           2.89778          0.097388
           2.89940          0.097855
           2.90103          0.098433
           2.90265          0.098781
           2.90428          0.099074
           2.90591          0.099381
           2.90754          0.099750
           2.90917          0.100311
           2.91080          0.100906
           2.91244          0.101227
           2.91407          0.101454
           2.91571          0.101905
           2.91735          0.102370
           2.91899          0.102770
           2.92064          0.103042
           2.92229          0.103417
           2.92393          0.103864
           2.92558          0.104379
           2.92724          0.104967
           2.92889          0.105368
           2.93055          0.105875
           2.93220          0.106283
           2.93386          0.106798
           2.93552          0.107426
           2.93719          0.107916
           2.93885          0.108332
           2.94052          0.108736
           2.94219          0.109169
           2.94386          0.109597
           2.94553          0.110047
           2.94721          0.110550
           2.94888          0.110999
           2.95056          0.111488
           2.95224          0.112320
           2.95392          0.112856
           2.95561          0.113303
           2.95729          0.113966
           2.95898          0.114459
           2.96067          0.114878
           2.96236          0.115289
           2.96406          0.115796
           2.96575          0.116477
           2.96745          0.117004
           2.96915          0.117467
           2.97085          0.118020
           2.97255          0.118682
           2.97426          0.119388
           2.97597          0.120000
           2.97768          0.120356
           2.97939          0.120716
           2.98110          0.121283
           2.98282          0.121812
           2.98453          0.122370
           2.98625          0.122965
           2.98797          0.123609
           2.98970          0.124221
           2.99142          0.124754
           2.99315          0.125239
           2.99488          0.125731
           2.99661          0.126254
           2.99834          0.126797
           3.00008          0.127354
           3.00182          0.127979
           3.00355          0.128511
           3.00530          0.129100
           3.00704          0.129745
           3.00878          0.130363
           3.01053          0.130891
           3.01228          0.131226
           3.01403          0.131710
           3.01579          0.132377
           3.01754          0.132997
           3.01930          0.133430
           3.02106          0.133899
           3.02282          0.134367
           3.02458          0.134788
           3.02635          0.135356
           3.02812          0.135968
           3.02989          0.136541
           3.03166          0.137093
           3.03343          0.137597
           3.03521          0.137955
           3.03699          0.138408
           3.03877          0.138976
           3.04055          0.139436
           3.04233          0.139926
           3.04412          0.140469
           3.04591          0.141003
           3.04770          0.141481
           3.04949          0.142023
           3.05129          0.142533
           3.05308          0.142972
           3.05488          0.143511
           3.05668          0.143830
           3.05849          0.144223
           3.06029          0.144728
           3.06210          0.145296
           3.06391          0.145942
           3.06572          0.146473
           3.06754          0.146820
           3.06935          0.147173
           3.07117          0.147616
           3.07299          0.147968
           3.07481          0.148481
           3.07664          0.149007
           3.07847          0.149331
           3.08029          0.149537
           3.08213          0.150045
           3.08396          0.150471
           3.08579          0.150765
           3.08763          0.151131
           3.08947          0.151573
           3.09131          0.152012
           3.09316          0.152167
           3.09501          0.152567
           3.09685          0.153016
           3.09871          0.153317
           3.10056          0.153799
           3.10241          0.154285
           3.10427          0.154733
           3.10613          0.155153
           3.10799          0.155480
           3.10986          0.155852
           3.11173          0.156278
           3.11359          0.156702
           3.11547          0.157087
           3.11734          0.157500
           3.11921          0.157934
           3.12109          0.158295
           3.12297          0.158596
           3.12486          0.159030
           3.12674          0.159532
           3.12863          0.159908
           3.13052          0.160367
           3.13241          0.160767
           3.13430          0.161059
           3.13620          0.161437
           3.13810          0.161920
           3.14000          0.162444
           3.14190          0.162937
           3.14381          0.163419
           3.14571          0.163963
           3.14762          0.164437
           3.14954          0.164918
           3.15145          0.165334
           3.15337          0.165796
           3.15529          0.166298
           3.15721          0.166780
           3.15913          0.167421
           3.16106          0.167934
           3.16299          0.168316
           3.16492          0.168720
           3.16685          0.169139
           3.16879          0.169547
           3.17072          0.170005
           3.17267          0.170385
           3.17461          0.170798
           3.17655          0.171269
           3.17850          0.171694
           3.18045          0.172161
           3.18240          0.172488
           3.18436          0.172885
           3.18632          0.173321
           3.18827          0.173738
           3.19024          0.174269
           3.19220          0.174651
           3.19417          0.174982
           3.19614          0.175461
           3.19811          0.175924
           3.20008          0.176181
           3.20206          0.176476
           3.20404          0.176719
           3.20602          0.176911
           3.20800          0.177269
           3.20999          0.177598
           3.21198          0.177826
           3.21397          0.178182
           3.21596          0.178365
           3.21796          0.178325
           3.21996          0.178464
           3.22196          0.178764
           3.22396          0.178830
           3.22597          0.178943
           3.22798          0.179061
           3.22999          0.179214
           3.23200          0.179437
           3.23402          0.179549
           3.23604          0.179576
           3.23806          0.179853
           3.24008          0.180310
           3.24211          0.180538
           3.24414          0.180591
           3.24617          0.180799
           3.24820          0.181119
           3.25024          0.181436
           3.25228          0.181788
           3.25432          0.182209
           3.25637          0.182503
           3.25841          0.182819
           3.26046          0.183047
           3.26251          0.183310
           3.26457          0.183611
           3.26663          0.183839
           3.26869          0.184239
           3.27075          0.184569
           3.27281          0.184844
           3.27488          0.185239
           3.27695          0.185599
           3.27902          0.185843
           3.28110          0.186099
           3.28318          0.186436
           3.28526          0.186813
           3.28734          0.187019
           3.28943          0.187317
           3.29151          0.187737
           3.29361          0.188230
           3.29570          0.188542
           3.29780          0.188799
           3.29990          0.189219
           3.30200          0.189593
           3.30410          0.190091
           3.30621          0.190595
           3.30832          0.190951
           3.31043          0.191251
           3.31255          0.191599
           3.31466          0.192054
           3.31679          0.192452
           3.31891          0.192805
           3.32103          0.193227
           3.32316          0.193690
           3.32529          0.194249
           3.32743          0.194550
           3.32957          0.194921
           3.33171          0.195285
           3.33385          0.195589
           3.33599          0.195886
           3.33814          0.196294
           3.34029          0.196745
           3.34245          0.196961
           3.34460          0.197271
           3.34676          0.197599
           3.34892          0.197764
           3.35109          0.198108
           3.35326          0.198539
           3.35543          0.198850
           3.35760          0.199188
           3.35978          0.199515
           3.36196          0.199839
           3.36414          0.200085
           3.36632          0.200346
           3.36851          0.200636
           3.37070          0.200916
           3.37289          0.201233
           3.37509          0.201617
           3.37729          0.201929
           3.37949          0.202185
           3.38169          0.202473
           3.38390          0.202857
           3.38611          0.203098
           3.38832          0.203291
           3.39054          0.203624
           3.39276          0.203932
           3.39498          0.204149
           3.39721          0.204374
           3.39943          0.204571
           3.40166          0.204834
           3.40390          0.205094
           3.40613          0.205293
           3.40837          0.205583
           3.41061          0.205923
           3.41286          0.206216
           3.41511          0.206593
           3.41736          0.207063
           3.41961          0.207502
           3.42187          0.208054
           3.42413          0.208630
           3.42639          0.209043
           3.42866          0.209318
           3.43093          0.209720
           3.43320          0.210022
           3.43548          0.210456
           3.43776          0.210997
           3.44004          0.211318
           3.44232          0.211591
           3.44461          0.211910
           3.44690          0.212304
           3.44919          0.212741
           3.45149          0.213105
           3.45379          0.213364
           3.45609          0.213571
           3.45840          0.213989
           3.46070          0.214345
           3.46302          0.214677
           3.46533          0.215075
           3.46765          0.215367
           3.46997          0.215630
           3.47229          0.215809
           3.47462          0.215990
           3.47695          0.216276
           3.47929          0.216479
           3.48162          0.216597
           3.48396          0.216955
           3.48630          0.217274
           3.48865          0.217538
           3.49100          0.217929
           3.49335          0.218268
           3.49571          0.218519
           3.49807          0.218847
           3.50043          0.219323
           3.50279          0.219726
           3.50516          0.220222
           3.50753          0.220751
           3.50991          0.221120
           3.51229          0.221446
           3.51467          0.221844
           3.51705          0.222074
           3.51944          0.222283
           3.52183          0.222658
           3.52423          0.222985
           3.52662          0.223358
           3.52902          0.223853
           3.53143          0.224229
           3.53383          0.224650
           3.53624          0.225226
           3.53866          0.225885
           3.54108          0.226397
           3.54350          0.226766
           3.54592          0.227195
           3.54835          0.227585
           3.55078          0.227947
           3.55321          0.228422
           3.55565          0.228885
           3.55809          0.229337
           3.56053          0.229709
           3.56298          0.230115
           3.56543          0.230455
           3.56788          0.230797
           3.57034          0.231053
           3.57280          0.231297
           3.57527          0.231545
           3.57773          0.231666
           3.58020          0.231823
           3.58268          0.232082
           3.58516          0.232213
           3.58764          0.232283
           3.59012          0.232469
           3.59261          0.232736
           3.59510          0.232982
           3.59760          0.233301
           3.60009          0.233633
           3.60260          0.233849
           3.60510          0.234064
           3.60761          0.234354
           3.61012          0.234710
           3.61264          0.235024
           3.61516          0.235341
           3.61768          0.235730
           3.62021          0.236045
           3.62274          0.236466
           3.62527          0.237001
           3.62781          0.237564
           3.63035          0.238115
           3.63289          0.238743
           3.63544          0.239447
           3.63799          0.240098
           3.64054          0.240642
           3.64310          0.241124
           3.64566          0.241458
           3.64823          0.241853
           3.65080          0.242317
           3.65337          0.242665
           3.65595          0.243010
           3.65853          0.243387
           3.66111          0.243774
           3.66370          0.244061
           3.66629          0.244315
           3.66889          0.244621
           3.67148          0.244945
           3.67409          0.245180
           3.67669          0.245388
           3.67930          0.245607
           3.68191          0.245832
           3.68453          0.246010
           3.68715          0.246174
           3.68978          0.246368
           3.69240          0.246528
           3.69504          0.246680
           3.69767          0.246850
           3.70031          0.247281
           3.70295          0.247806
           3.70560          0.248341
           3.70825          0.248738
           3.71091          0.249038
           3.71356          0.249204
           3.71623          0.249358
           3.71889          0.249567
           3.72156          0.249722
           3.72423          0.249923
           3.72691          0.250126
           3.72959          0.250292
           3.73228          0.250655
           3.73497          0.251260
           3.73766          0.251801
           3.74036          0.252148
           3.74306          0.252632
           3.74576          0.253161
           3.74847          0.253736
           3.75118          0.254366
           3.75390          0.254963
           3.75662          0.255466
           3.75934          0.255900
           3.76207          0.256190
           3.76480          0.256605
           3.76754          0.257056
           3.77028          0.257456
           3.77302          0.257877
           3.77577          0.258287
           3.77852          0.258619
           3.78128          0.258973
           3.78404          0.259347
           3.78680          0.259648
           3.78957          0.259954
           3.79234          0.260364
           3.79512          0.260723
           3.79790          0.261096
           3.80069          0.261463
           3.80347          0.261806
           3.80627          0.262124
           3.80906          0.262486
           3.81186          0.262826
           3.81467          0.263231
           3.81748          0.263569
           3.82029          0.263937
           3.82311          0.264411
           3.82593          0.264754
           3.82876          0.265013
           3.83159          0.265345
           3.83442          0.265705
           3.83726          0.266071
           3.84010          0.266391
           3.84295          0.266696
           3.84580          0.267023
           3.84865          0.267377
           3.85151          0.267714
           3.85438          0.268102
           3.85724          0.268452
           3.86012          0.268823
           3.86299          0.269148
           3.86587          0.269466
           3.86876          0.269728
           3.87165          0.270048
           3.87454          0.270361
           3.87744          0.270672
           3.88034          0.271025
           3.88325          0.271412
           3.88616          0.271761
           3.88907          0.272048
           3.89199          0.272323
           3.89492          0.272619
           3.89785          0.272896
           3.90078          0.273142
           3.90372          0.273366
           3.90666          0.273769
           3.90960          0.274093
           3.91255          0.274335
           3.91551          0.274612
           3.91847          0.274904
           3.92143          0.275218
           3.92440          0.275448
           3.92738          0.275572
           3.93035          0.275859
           3.93333          0.276084
           3.93632          0.276294
           3.93931          0.276500
           3.94231          0.276744
           3.94531          0.276927
           3.94831          0.277133
           3.95132          0.277382
           3.95434          0.277556
           3.95735          0.277675
           3.96038          0.277897
           3.96341          0.278119
           3.96644          0.278365
           3.96948          0.278566
           3.97252          0.278731
           3.97556          0.278911
           3.97861          0.279124
           3.98167          0.279357
           3.98473          0.279526
           3.98780          0.279641
           3.99087          0.279848
           3.99394          0.280065
           3.99702          0.280238
           4.00010          0.280429
           4.00319          0.280653
           4.00629          0.280772
           4.00939          0.280955
           4.01249          0.281062
           4.01560          0.281129
           4.01871          0.281210
           4.02183          0.281371
           4.02495          0.281509
           4.02808          0.281658
           4.03121          0.281739
           4.03435          0.281881
           4.03749          0.282050
           4.04064          0.282181
           4.04379          0.282291
           4.04694          0.282353
           4.05011          0.282404
           4.05327          0.282529
           4.05644          0.282587
           4.05962          0.282644
           4.06280          0.282699
           4.06599          0.282835
           4.06918          0.282893
           4.07238          0.282913
           4.07558          0.282994
           4.07878          0.283044
           4.08200          0.283013
           4.08521          0.283091
           4.08843          0.283060
           4.09166          0.283039
           4.09489          0.283076
           4.09813          0.283109
           4.10137          0.283110
           4.10462          0.283164
           4.10787          0.283207
           4.11113          0.283204
           4.11439          0.283147
           4.11766          0.283173
           4.12093          0.283183
           4.12421          0.283212
           4.12750          0.283190
           4.13079          0.283136
           4.13408          0.283112
           4.13738          0.283078
           4.14068          0.282981
           4.14399          0.283087
           4.14731          0.283136
           4.15063          0.283045
           4.15395          0.283023
           4.15729          0.283062
           4.16062          0.283044
           4.16396          0.283021
           4.16731          0.282992
           4.17066          0.283044
           4.17402          0.283029
           4.17739          0.282914
           4.18075          0.282862
           4.18413          0.282848
           4.18751          0.282848
           4.19089          0.282820
           4.19428          0.282807
           4.19768          0.282812
           4.20108          0.282822
           4.20449          0.282803
           4.20790          0.282835
           4.21132          0.283024
           4.21474          0.283160
           4.21817          0.283272
           4.22161          0.283330
           4.22505          0.283426
           4.22850          0.283531
           4.23195          0.283570
           4.23540          0.283593
           4.23887          0.283690
           4.24234          0.283555
           4.24581          0.283419
           4.24929          0.283256
           4.25278          0.283044
           4.25627          0.282670
           4.25977          0.282430
           4.26327          0.282497
           4.26678          0.282696
           4.27029          0.282866
           4.27381          0.283016
           4.27734          0.283045
           4.28087          0.283052
           4.28441          0.282974
           4.28795          0.282898
           4.29150          0.282820
           4.29506          0.282775
           4.29862          0.282647
           4.30219          0.282568
           4.30576          0.282535
           4.30934          0.282516
           4.31292          0.282445
           4.31652          0.282401
           4.32011          0.282315
           4.32372          0.282283
           4.32732          0.282192
           4.33094          0.282152
           4.33456          0.282147
           4.33819          0.282225
           4.34182          0.282202
           4.34546          0.282186
           4.34911          0.282116
           4.35276          0.282144
           4.35642          0.282150
           4.36008          0.282144
           4.36375          0.282140
           4.36743          0.282225
           4.37111          0.282197
           4.37480          0.282106
           4.37849          0.282124
           4.38219          0.282153
           4.38590          0.282074
           4.38961          0.282085
           4.39333          0.282158
           4.39706          0.282205
           4.40079          0.282145
           4.40453          0.282123
           4.40828          0.282149
           4.41203          0.282184
           4.41579          0.282158
           4.41955          0.282239
           4.42332          0.282257
           4.42710          0.282225
           4.43088          0.282153
           4.43468          0.282129
           4.43847          0.282152
           4.44228          0.282147
           4.44608          0.282142
           4.44990          0.282229
           4.45372          0.282152
           4.45755          0.282113
           4.46139          0.282098
           4.46523          0.282061
           4.46908          0.281975
           4.47294          0.281961
           4.47680          0.281904
           4.48067          0.281868
           4.48455          0.281791
           4.48843          0.281710
           4.49232          0.281572
           4.49621          0.281504
           4.50012          0.281417
           4.50403          0.281316
           4.50794          0.281244
           4.51187          0.281116
           4.51580          0.280913
           4.51973          0.280826
           4.52368          0.280700
           4.52763          0.280483
           4.53159          0.280193
           4.53555          0.279971
           4.53952          0.279782
           4.54350          0.279597
           4.54749          0.279369
           4.55148          0.279142
           4.55548          0.278903
           4.55949          0.278692
           4.56350          0.278451
           4.56752          0.278190
           4.57155          0.277879
           4.57558          0.277607
           4.57963          0.277387
           4.58367          0.277207
           4.58773          0.276914
           4.59179          0.276657
           4.59586          0.276367
           4.59994          0.276134
           4.60403          0.275896
           4.60812          0.275595
           4.61222          0.275297
           4.61633          0.275066
           4.62044          0.274785
           4.62456          0.274514
           4.62869          0.274248
           4.63283          0.273945
           4.63697          0.273649
           4.64112          0.273409
           4.64528          0.273097
           4.64945          0.272802
           4.65362          0.272521
           4.65780          0.272283
           4.66199          0.271936
           4.66619          0.271562
           4.67039          0.271151
           4.67460          0.270872
           4.67882          0.270545
           4.68305          0.270196
           4.68728          0.269772
           4.69152          0.269398
           4.69577          0.268995
           4.70003          0.268578
           4.70430          0.268101
           4.70857          0.267685
           4.71285          0.267238
           4.71714          0.266777
           4.72143          0.266208
           4.72574          0.265600
           4.73005          0.264910
           4.73437          0.264340
           4.73870          0.263775
           4.74303          0.263110
           4.74738          0.262368
           4.75173          0.261654
           4.75609          0.260909
           4.76045          0.260119
           4.76483          0.259266
           4.76921          0.258492
           4.77360          0.257613
           4.77800          0.256684
           4.78241          0.255761
           4.78683          0.254874
           4.79125          0.253890
           4.79568          0.252975
           4.80013          0.252038
           4.80457          0.251128
           4.80903          0.250210
           4.81350          0.249436
           4.81797          0.248779
           4.82245          0.248228
           4.82694          0.247768
           4.83144          0.247542
           4.83595          0.247412
           4.84046          0.247409
           4.84499          0.247464
           4.84952          0.247571
           4.85406          0.247627
           4.85861          0.247715
           4.86317          0.247751
           4.86773          0.247770
           4.87231          0.247700
           4.87689          0.247480
           4.88148          0.247202
           4.88608          0.246867
           4.89069          0.246386
           4.89531          0.245866
           4.89994          0.245251
           4.90457          0.244560
           4.90922          0.243757
           4.91387          0.242978
           4.91853          0.242188
           4.92321          0.241385
           4.92788          0.240562
           4.93257          0.239839
           4.93727          0.239152
           4.94198          0.238477
           4.94669          0.237846
           4.95142          0.237376
           4.95615          0.236876
           4.96090          0.236377
           4.96565          0.235824
           4.97041          0.235268
           4.97518          0.234622
           4.97996          0.233951
           4.98475          0.233196
           4.98954          0.232476
           4.99435          0.231679
           4.99917          0.230941
           5.00399          0.230217
           5.00883          0.229571
           5.01367          0.228988
           5.01852          0.228490
           5.02339          0.228017
           5.02826          0.227674
           5.03314          0.227402
           5.03803          0.227227
           5.04293          0.227064
           5.04784          0.226947
           5.05276          0.226858
           5.05769          0.226821
           5.06263          0.226785
           5.06758          0.226809
           5.07254          0.226804
           5.07751          0.226803
           5.08249          0.226804
           5.08747          0.226843
           5.09247          0.226821
           5.09748          0.226848
           5.10250          0.226804
           5.10752          0.226761
           5.11256          0.226651
           5.11761          0.226635
           5.12266          0.226531
           5.12773          0.226427
           5.13281          0.226259
           5.13789          0.226118
           5.14299          0.226032
           5.14810          0.226013
           5.15322          0.225912
           5.15834          0.225825
           5.16348          0.225781
           5.16863          0.225789
           5.17379          0.225705
           5.17896          0.225605
           5.18413          0.225483
           5.18932          0.225407
           5.19452          0.225216
           5.19973          0.225014
           5.20496          0.224766
           5.21019          0.224497
           5.21543          0.224192
           5.22068          0.223808
           5.22594          0.223346
           5.23122          0.222904
           5.23650          0.222360
           5.24179          0.221868
           5.24710          0.221292
           5.25242          0.220701
           5.25774          0.220073
           5.26308          0.219440
           5.26843          0.218774
           5.27379          0.218091
           5.27916          0.217372
           5.28454          0.216692
           5.28993          0.215982
           5.29534          0.215284
           5.30075          0.214403
           5.30618          0.213597
           5.31161          0.212802
           5.31706          0.212020
           5.32252          0.211139
           5.32799          0.210251
           5.33347          0.209354
           5.33896          0.208492
           5.34447          0.207578
           5.34998          0.206707
           5.35551          0.205765
           5.36105          0.204780
           5.36660          0.203838
           5.37216          0.202873
           5.37773          0.201924
           5.38332          0.201036
           5.38891          0.200124
           5.39452          0.199303
           5.40014          0.198562
           5.40577          0.197864
           5.41141          0.197247
           5.41707          0.196758
           5.42274          0.196302
           5.42841          0.195750
           5.43410          0.195143
           5.43981          0.194833
           5.44552          0.194484
           5.45125          0.194110
           5.45698          0.193622
           5.46273          0.193201
           5.46850          0.192748
           5.47427          0.192211
           5.48006          0.191786
           5.48586          0.191293
           5.49167          0.190686
           5.49749          0.190244
           5.50333          0.189716
           5.50918          0.189214
           5.51504          0.188584
           5.52091          0.188032
           5.52680          0.187422
           5.53269          0.186798
           5.53861          0.186123
           5.54453          0.185513
           5.55047          0.184895
           5.55641          0.184317
           5.56238          0.183601
           5.56835          0.182966
           5.57434          0.182390
           5.58034          0.181899
           5.58635          0.181228
           5.59238          0.180645
           5.59842          0.180177
           5.60447          0.179777
           5.61054          0.179299
           5.61661          0.178817
           5.62271          0.178302
           5.62881          0.177821
           5.63493          0.177402
           5.64106          0.177067
           5.64721          0.176568
           5.65336          0.175934
           5.65954          0.175492
           5.66572          0.174956
           5.67192          0.174477
           5.67813          0.174059
           5.68436          0.173384
           5.69060          0.172825
           5.69685          0.172314
           5.70312          0.171656
           5.70940          0.171210
           5.71569          0.170682
           5.72200          0.169922
           5.72833          0.169348
           5.73466          0.168749
           5.74101          0.168161
           5.74738          0.167534
           5.75376          0.166921
           5.76015          0.166107
           5.76656          0.165758
           5.77298          0.164985
           5.77941          0.163924
           5.78586          0.163371
           5.79233          0.162744
           5.79881          0.162056
           5.80530          0.161413
           5.81181          0.160677
           5.81833          0.160165
           5.82487          0.159632
           5.83142          0.158679
           5.83799          0.157809
           5.84457          0.157178
           5.85117          0.156482
           5.85778          0.155802
           5.86441          0.155009
           5.87105          0.154144
           5.87770          0.153307
           5.88438          0.152723
           5.89106          0.151300
           5.89776          0.150456
           5.90448          0.149290
           5.91121          0.147913
           5.91796          0.147019
           5.92473          0.145908
           5.93150          0.144816
           5.93830          0.143971
           5.94511          0.142473
           5.95193          0.141024
           5.95878          0.139975
           5.96563          0.138816
           5.97251          0.137715
           5.97939          0.136298
           5.98630          0.135126
           5.99322          0.134008
           6.00016          0.132552
           6.00711          0.131351
           6.01408          0.130373
           6.02106          0.129196
           6.02806          0.127907
           6.03508          0.126793
           6.04212          0.125720
           6.04917          0.124956
           6.05623          0.123568
           6.06332          0.121848
           6.07042          0.121113
           6.07753          0.120290
           6.08467          0.119194
           6.09182          0.118297
           6.09898          0.117633
           6.10617          0.117041
           6.11337          0.116609
           6.12058          0.115987
           6.12782          0.115271
           6.13507          0.114977
           6.14234          0.114721
           6.14963          0.114491
           6.15693          0.114358
           6.16425          0.114347
           6.17159          0.114235
           6.17895          0.114318
           6.18632          0.114575
           6.19371          0.114480
           6.20112          0.114264
           6.20854          0.114344
           6.21599          0.114305
           6.22345          0.114191
           6.23093          0.113968
           6.23843          0.113699
           6.24595          0.113401
           6.25348          0.113201
           6.26103          0.112948
           6.26860          0.112775
           6.27619          0.112665
           6.28380          0.112585
           6.29143          0.112561
           6.29907          0.112652
           6.30673          0.112828
           6.31442          0.113138
           6.32212          0.113466
           6.32984          0.113876
           6.33757          0.114395
           6.34533          0.115155
           6.35311          0.115670
           6.36090          0.116152
           6.36872          0.117030
           6.37655          0.117795
           6.38440          0.118376
           6.39227          0.119027
           6.40017          0.119670
           6.40808          0.120452
           6.41601          0.121365
           6.42396          0.121600
           6.43193          0.121890
           6.43992          0.122537
           6.44793          0.122997
           6.45596          0.123594
           6.46401          0.124080
           6.47208          0.124613
           6.48017          0.125145
           6.48828          0.125680
           6.49641          0.126298
           6.50456          0.126551
           6.51273          0.126824
           6.52092          0.127676
           6.52914          0.128281
           6.53737          0.128720
           6.54563          0.129426
           6.55390          0.130088
           6.56220          0.130621
           6.57051          0.131186
           6.57885          0.131828
           6.58721          0.132097
           6.59559          0.132599
           6.60399          0.132950
           6.61242          0.133242
           6.62086          0.133535
           6.62933          0.133748
           6.63782          0.134118
           6.64633          0.134035
           6.65486          0.133621
           6.66341          0.133682
           6.67199          0.133757
           6.68059          0.133698
           6.68921          0.133455
           6.69785          0.133062
           6.70651          0.132965
           6.71520          0.132827
           6.72391          0.132410
           6.73264          0.132016
           6.74140          0.131675
           6.75018          0.131380
           6.75898          0.130999
           6.76780          0.130535
           6.77665          0.130124
           6.78552          0.129685
           6.79441          0.129285
           6.80333          0.128582
           6.81227          0.128069
           6.82123          0.127834
           6.83022          0.127519
           6.83923          0.127015
           6.84826          0.126669
           6.85732          0.126581
           6.86640          0.126484
           6.87551          0.125827
           6.88464          0.125341
           6.89380          0.125244
           6.90298          0.124911
           6.91218          0.124470
           6.92141          0.123862
           6.93066          0.123316
           6.93994          0.122725
           6.94924          0.122149
           6.95857          0.121692
           6.96792          0.121082
           6.97730          0.120227
           6.98670          0.119787
           6.99613          0.119379
           7.00559          0.118927
           7.01507          0.118511
           7.02457          0.118158
           7.03410          0.117753
           7.04366          0.117512
           7.05325          0.117183
           7.06285          0.116575
           7.07249          0.116257
           7.08215          0.115942
           7.09184          0.115623
           7.10155          0.115317
           7.11130          0.114999
           7.12106          0.114674
           7.13086          0.114336
           7.14068          0.114039
           7.15053          0.113809
           7.16041          0.113452
           7.17031          0.113138
           7.18024          0.112788
           7.19020          0.112417
           7.20019          0.112176
           7.21020          0.111928
           7.22024          0.111399
           7.23031          0.110879
           7.24041          0.110544
           7.25054          0.110175
           7.26069          0.109713
           7.27088          0.109163
           7.28109          0.108546
           7.29133          0.107753
           7.30160          0.106905
           7.31190          0.106016
           7.32222          0.105072
           7.33258          0.104301
           7.34297          0.103681
           7.35338          0.102987
           7.36383          0.102286
           7.37430          0.101645
           7.38481          0.100942
           7.39534          0.100141
           7.40591          0.099266
           7.41650          0.098332
           7.42713          0.097315
           7.43778          0.096291
           7.44847          0.095308
           7.45919          0.094711
           7.46994          0.094516
           7.48071          0.094335
           7.49152          0.094060
           7.50237          0.093718
           7.51324          0.093333
           7.52414          0.092951
           7.53508          0.092522
           7.54605          0.092041
           7.55705          0.091520
           7.56808          0.090995
           7.57915          0.090495
           7.59024          0.089990
           7.60137          0.089454
           7.61253          0.088897
           7.62373          0.088334
           7.63496          0.087815
           7.64622          0.087241
           7.65751          0.086658
           7.66884          0.086067
           7.68020          0.085476
           7.69159          0.084862
           7.70302          0.084260
           7.71449          0.083648
           7.72598          0.083046
           7.73752          0.082431
           7.74908          0.081806
           7.76068          0.081140
           7.77232          0.080470
           7.78399          0.079785
           7.79569          0.079059
           7.80743          0.078293
           7.81921          0.077532
           7.83102          0.076703
           7.84287          0.075872
           7.85475          0.074990
           7.86667          0.074158
           7.87862          0.073314
           7.89062          0.072489
           7.90264          0.071663
           7.91471          0.070789
           7.92681          0.069905
           7.93895          0.069005
           7.95113          0.068050
           7.96334          0.067124
           7.97559          0.066162
           7.98788          0.065165
           8.00021          0.064145
           8.01257          0.063168
           8.02498          0.062189
           8.03742          0.061151
           8.04990          0.060102
           8.06242          0.059108
           8.07498          0.058074
           8.08757          0.057067
           8.10021          0.056056
           8.11289          0.055048
           8.12560          0.054057
           8.13836          0.053069
           8.15116          0.052033
           8.16399          0.051005
           8.17687          0.049984
           8.18979          0.049032
           8.20275          0.048020
           8.21575          0.047000
           8.22879          0.045964
           8.24187          0.044992
           8.25499          0.044050
           8.26816          0.043200
           8.28137          0.042303
           8.29462          0.041471
           8.30791          0.040710
           8.32124          0.039917
           8.33462          0.039093
           8.34804          0.038345
           8.36151          0.037591
           8.37502          0.036896
           8.38857          0.036177
           8.40216          0.035499
           8.41580          0.034816
           8.42949          0.034163
           8.44322          0.033540
           8.45699          0.032936
           8.47081          0.032314
           8.48467          0.031748
           8.49858          0.031162
           8.51254          0.030572
           8.52654          0.029944
           8.54058          0.029373
           8.55468          0.028793
           8.56882          0.028239
           8.58300          0.027678
           8.59724          0.027220
           8.61152          0.026750
           8.62585          0.026383
           8.64023          0.026028
           8.65465          0.025698
           8.66912          0.025406
           8.68364          0.025160
           8.69821          0.024971
           8.71283          0.024916
           8.72750          0.024872
           8.74222          0.024893
           8.75699          0.024976
           8.77180          0.025262
           8.78667          0.025641
           8.80159          0.026224
           8.81656          0.026991
           8.83158          0.028024
           8.84665          0.029221
           8.86177          0.030618
           8.87694          0.032303
           8.89217          0.034260
           8.90745          0.036386
           8.92278          0.038748
           8.93816          0.041266
           8.95360          0.043922
           8.96909          0.046608
           8.98464          0.049275
           9.00023          0.051663
           9.01589          0.053681
           9.03159          0.055184
           9.04736          0.055933
           9.06317          0.055914
           9.07905          0.055261
           9.09497          0.054065
           9.11096          0.052663
           9.12700          0.051335
           9.14310          0.050168
           9.15925          0.049072
           9.17546          0.048130
           9.19173          0.047367
           9.20806          0.046778
           9.22444          0.046360
           9.24088          0.046126
           9.25738          0.046101
           9.27394          0.046242
           9.29056          0.046424
           9.30724          0.046746
           9.32398          0.047181
           9.34078          0.047743
           9.35764          0.048357
           9.37457          0.049084
           9.39155          0.049908
           9.40859          0.050826
           9.42570          0.051700
           9.44287          0.052682
           9.46010          0.053659
           9.47740          0.054531
           9.49475          0.055315
           9.51217          0.056011
           9.52966          0.056518
           9.54721          0.056808
           9.56483          0.056804
           9.58250          0.056589
           9.60025          0.056082
           9.61806          0.055383
           9.63594          0.054462
           9.65388          0.053453
           9.67189          0.052483
           9.68997          0.051601
           9.70812          0.050719
           9.72633          0.049963
           9.74462          0.049344
           9.76297          0.048794
           9.78139          0.048156
           9.79988          0.047567
           9.81844          0.046974
           9.83707          0.046430
           9.85577          0.045894
           9.87454          0.045387
           9.89339          0.044924
           9.91230          0.044537
           9.93129          0.044183
           9.95036          0.043867
           9.96949          0.043529
           9.98870          0.043291
          10.00798          0.043032
          10.02734          0.042753
          10.04677          0.042472
          10.06628          0.042281
          10.08587          0.042088
          10.10553          0.041882
          10.12526          0.041703
          10.14508          0.041585
          10.16497          0.041466
          10.18494          0.041368
          10.20499          0.041275
          10.22512          0.041194
          10.24533          0.041107
          10.26561          0.041079
          10.28598          0.041083
          10.30643          0.041049
          10.32696          0.041011
          10.34757          0.041041
          10.36827          0.041003
          10.38905          0.040916
          10.40991          0.040812
          10.43086          0.040726
          10.45188          0.040725
          10.47300          0.040714
          10.49420          0.040578
          10.51549          0.040501
          10.53686          0.040469
          10.55832          0.040445
          10.57987          0.040365
          10.60150          0.040338
          10.62323          0.040374
          10.64504          0.040490
          10.66694          0.040608
          10.68894          0.040799
          10.71102          0.041062
          10.73320          0.041398
          10.75547          0.041758
          10.77783          0.042172
          10.80028          0.042674
          10.82283          0.043288
          10.84547          0.043985
          10.86821          0.044753
          10.89104          0.045582
          10.91397          0.046479
          10.93699          0.047358
          10.96012          0.048399
          10.98334          0.049496
          11.00666          0.050534
          11.03007          0.051577
          11.05359          0.052619
          11.07721          0.053568
          11.10093          0.054486
          11.12475          0.055368
          11.14868          0.056150
          11.17271          0.056855
          11.19684          0.057471
          11.22107          0.057985
          11.24541          0.058472
          11.26986          0.058878
          11.29441          0.059210
          11.31907          0.059539
          11.34384          0.059819
          11.36872          0.060045
          11.39370          0.060232
          11.41880          0.060363
          11.44401          0.060483
          11.46933          0.060517
          11.49476          0.060534
          11.52030          0.060473
          11.54596          0.060361
          11.57173          0.060196
          11.59762          0.059982
          11.62362          0.059749
          11.64974          0.059489
          11.67598          0.059183
          11.70234          0.058784
          11.72881          0.058339
          11.75541          0.057892
          11.78213          0.057415
          11.80896          0.056905
          11.83592          0.056409
          11.86301          0.055854
          11.89022          0.055329
          11.91755          0.054826
          11.94501          0.054272
          11.97260          0.053736
          12.00031          0.053179
          12.02816          0.052577
          12.05613          0.051993
          12.08423          0.051408
          12.11246          0.050814
          12.14083          0.050184
          12.16933          0.049537
          12.19796          0.048839
          12.22673          0.048148
          12.25564          0.047507
          12.28468          0.046767
          12.31386          0.046079
          12.34318          0.045540
          12.37264          0.045035
          12.40224          0.044494
          12.43198          0.043963
          12.46186          0.043409
          12.49189          0.042897
          12.52207          0.042334
          12.55238          0.041827
          12.58285          0.041384
          12.61347          0.040880
          12.64423          0.040349
          12.67515          0.039867
          12.70621          0.039248
          12.73743          0.038604
          12.76881          0.038097
          12.80033          0.037560
          12.83202          0.036993
          12.86386          0.036394
          12.89586          0.035766
          12.92802          0.035152
          12.96034          0.034466
          12.99282          0.033886
          13.02546          0.033323
          13.05827          0.032808
          13.09125          0.032222
          13.12439          0.031581
          13.15770          0.030958
          13.19118          0.030428
          13.22483          0.029910
          13.25866          0.029345
          13.29265          0.028779
          13.32683          0.028251
          13.36117          0.027679
          13.39570          0.027095
          13.43040          0.026501
          13.46529          0.026015
          13.50035          0.025465
          13.53560          0.024893
          13.57103          0.024369
          13.60665          0.023925
          13.64246          0.023417
          13.67846          0.022992
          13.71464          0.022542
          13.75102          0.022074
          13.78759          0.021576
          13.82436          0.021173
          13.86132          0.020817
          13.89849          0.020496
          13.93585          0.020188
          13.97341          0.019929
          14.01117          0.019669
          14.04915          0.019424
          14.08732          0.019165
          14.12571          0.019037
          14.16430          0.019020
          14.20311          0.019034
          14.24213          0.019079
          14.28136          0.019238
          14.32081          0.019486
          14.36049          0.019780
          14.40038          0.020187
          14.44049          0.020760
          14.48082          0.021443
          14.52139          0.022241
          14.56218          0.023038
          14.60320          0.023850
          14.64445          0.024757
          14.68593          0.025753
          14.72766          0.026711
          14.76962          0.027738
          14.81181          0.028745
          14.85425          0.029844
          14.89694          0.030877
          14.93987          0.031924
          14.98305          0.032943
          15.02648          0.033839
          15.07016          0.034511
          15.11410          0.035151
          15.15829          0.035828
          15.20274          0.036451
          15.24746          0.036854
          15.29243          0.037234
          15.33768          0.037523
          15.38319          0.037820
          15.42897          0.038075
          15.47503          0.038156
          15.52136          0.038130
          15.56797          0.038206
          15.61487          0.038246
          15.66204          0.038261
          15.70950          0.038181
          15.75725          0.038052
          15.80529          0.037986
          15.85362          0.037887
          15.90226          0.037691
          15.95119          0.037419
          16.00042          0.037207
          16.04995          0.037061
          16.09980          0.036752
          16.14995          0.036490
          16.20042          0.036261
          16.25121          0.036061
          16.30231          0.035845
          16.35374          0.035633
          16.40549          0.035410
          16.45757          0.035241
          16.50998          0.035041
          16.56273          0.034719
          16.61582          0.034338
          16.66924          0.033992
          16.72302          0.033606
          16.77714          0.033169
          16.83161          0.032732
          16.88643          0.032402
          16.94162          0.032081
          16.99716          0.031864
          17.05308          0.031673
          17.10936          0.031515
          17.16601          0.031317
          17.22304          0.031184
          17.28045          0.031199
          17.33824          0.031233
          17.39643          0.031270
          17.45500          0.031405
          17.51397          0.031477
          17.57334          0.031568
          17.63311          0.031698
          17.69329          0.032089
          17.75389          0.032426
          17.81490          0.032624
          17.87633          0.032721
          17.93818          0.032847
          18.00047          0.032954
          18.06319          0.033153
          18.12635          0.033333
          18.18995          0.033506
          18.25400          0.033626
          18.31850          0.033608
          18.38346          0.033626
          18.44888          0.033660
          18.51477          0.033755
          18.58113          0.034071
          18.64797          0.034032
          18.71529          0.033792
          18.78310          0.033739
          18.85140          0.033984
          18.92020          0.034256
          18.98951          0.034568
          19.05932          0.034918
          19.12965          0.035547
          19.20050          0.036427
          19.27188          0.037641
          19.34379          0.039402
          19.41624          0.041440
          19.48923          0.043704
          19.56277          0.045737
          19.63688          0.047604
          19.71154          0.049500
          19.78678          0.051098
          19.86259          0.052491
          19.93898          0.053626
          20.01596          0.054543
          20.09355          0.055461
          20.17173          0.056685
          20.25053          0.057873
          20.32994          0.058975
          20.40998          0.059874
          20.49065          0.060677
          20.57196          0.061057
          20.65392          0.061674
          20.73654          0.062411
          20.81982          0.063003
          20.90377          0.063330
          20.98840          0.063162
          21.07372          0.063334
          21.15973          0.063670
          21.24646          0.063586
          21.33389          0.063227
          21.42204          0.063185
          21.51093          0.063211
          21.60056          0.063209
          21.69094          0.063000
          21.78208          0.062569
          21.87399          0.062411
          21.96667          0.062351
          22.06015          0.062276
          22.15442          0.062239
          22.24951          0.062262
          22.34541          0.062276
          22.44214          0.062671
          22.53972          0.063356
          22.63814          0.064373
          22.73743          0.065118
          22.83760          0.065244
          22.93865          0.065563
          23.04060          0.065709
          23.14346          0.065249
          23.24724          0.064974
          23.35196          0.064062
          23.45763          0.063474
          23.56425          0.062827
          23.67185          0.061995
          23.78044          0.060882
          23.89002          0.059524
          24.00063          0.058223
          24.11226          0.057008
          24.22493          0.055563
          24.33866          0.055627
          24.45347          0.055914
          24.56936          0.055532
          24.68636          0.055723
          24.80447          0.056029
          24.92373          0.056390
          25.04413          0.057167
          25.16571          0.056476
          25.28846          0.055239
          25.41243          0.055427
          25.53761          0.056387
          25.66404          0.056445
          25.79172          0.056626
          25.92068          0.059071